"УИК №201"	"УИК №202"	"УИК №203"	"УИК №204"	"УИК №205"	"УИК №206"	"УИК №207"	"УИК №208"	"УИК №209"	"УИК №210"	"УИК №211"	"УИК №212"	"УИК №213"	"УИК №214"	"УИК №215"	"УИК №216"	"УИК №217"	"УИК №218"	"УИК №219"	"УИК №220"	"УИК №221"	"УИК №222"	"УИК №223"	"УИК №224"	"УИК №225"	"УИК №226"	"УИК №227"	"УИК №228"	"УИК №229"	"УИК №230"	"УИК №231"	"УИК №232"	"УИК №233"	"УИК №234"	"УИК №235"	"УИК №236"	"УИК №237"	"УИК №238"	"УИК №239"	"УИК №240"	"УИК №241"	"УИК №242"	"УИК №243"	"УИК №244"	"УИК №245"	"УИК №246"	"УИК №247"	"УИК №248"	"УИК №249"	"УИК №250"	"УИК №251"	"УИК №252"	"УИК №253"	"УИК №254"	
2526	2599	2611	2568	2048	2488	1937	1899	2367	587	2233	2596	2277	1729	2002	2664	2153	2577	1699	2087	2308	1701	1817	1810	2722	2684	2363	1848	1364	2822	1771	2241	1631	2464	1900	1732	1565	1342	1879	2602	1916	2088	1963	2057	1065	1112	2528	2607	1959	1197	1818	1162	828	159	
2400	2500	2300	2400	1900	2300	1800	1750	2200	500	1950	2450	2150	1550	1800	2450	2100	2450	1400	1950	2100	1600	1600	1700	2450	2450	2100	1700	1200	2600	1600	2100	1500	2100	1800	1600	1450	1250	1750	2300	1750	1900	1800	1850	1000	1050	2250	2300	1850	1050	1600	1050	850	300	
0	0	0	0	0	0	0	0	0	0	0	0	0	0	0	0	0	0	0	0	0	0	0	0	0	0	0	0	0	0	0	0	0	0	0	0	0	0	0	0	0	0	0	0	0	0	0	0	0	0	0	0	0	0	
1333	1357	1622	1411	1269	1331	1163	1079	1294	298	1306	1394	1049	1146	1231	1423	1055	1202	937	1095	1166	806	907	1154	1656	1376	1144	989	777	1363	1086	1048	779	1314	1125	829	833	696	952	1595	1160	1231	945	1096	590	628	1499	1799	999	570	1116	644	477	147	
32	39	68	23	14	22	17	20	16	11	32	56	24	28	33	35	95	38	51	36	45	25	33	32	58	42	46	56	35	47	23	23	35	46	31	34	28	29	27	45	40	47	25	69	24	21	57	61	26	37	66	37	341	0	
1035	1104	610	966	617	947	620	651	890	191	612	1000	1077	376	536	992	950	1210	412	819	889	769	660	514	736	1032	910	655	388	1190	491	1029	686	740	644	737	589	525	771	660	550	622	830	685	386	401	694	440	825	443	418	369	32	153	
32	39	68	23	14	22	17	20	16	11	32	56	24	28	33	35	95	38	51	36	45	25	33	32	58	42	46	56	35	47	23	23	35	46	31	34	28	29	27	45	40	47	25	69	24	21	57	61	26	37	66	37	341	0	
1333	1357	1622	1411	1269	1331	1163	1079	1294	298	1306	1394	1049	1146	1231	1423	1055	1202	937	1095	1166	806	907	1154	1656	1376	1144	989	777	1363	1086	1048	779	1314	1125	829	833	696	952	1595	1160	1231	945	1096	590	628	1498	1799	999	570	1116	644	477	147	
17	16	10	0	14	16	8	21	12	1	16	18	16	14	14	11	14	24	15	10	22	10	6	7	16	10	13	11	6	7	7	14	11	10	19	4	10	9	5	21	21	13	10	7	10	7	8	13	11	4	3	15	13	5	
1348	1380	1680	1434	1269	1337	1172	1078	1298	308	1322	1432	1057	1160	1250	1447	1136	1216	973	1121	1189	821	934	1179	1698	1408	1177	1034	806	1403	1102	1057	803	1350	1137	859	851	716	974	1619	1179	1265	960	1158	604	642	1547	1847	1014	603	1179	666	805	142	
0	0	0	0	0	0	0	0	0	0	0	0	0	0	0	0	0	0	0	0	0	0	0	0	0	0	0	0	0	0	0	0	0	0	0	0	0	0	0	0	0	0	0	0	0	0	0	0	0	0	0	0	0	0	
0	0	0	0	0	0	0	0	0	0	0	0	0	0	0	0	0	0	0	0	0	0	0	0	0	0	0	0	0	0	0	0	0	0	0	0	0	0	0	0	0	0	0	0	0	0	0	0	0	0	0	0	0	0	

5	9	3	0	13	13	3	8	12	1	3	10	1	3	6	13	2	5	7	4	4	7	2	3	7	3	4	9	8	8	6	6	8	10	8	8	7	3	12	17	8	12	6	4	4	7	10	13	14	1	10	4	6	3	
287	419	32	64	310	291	236	194	296	85	328	291	226	139	130	164	59	207	182	217	45	145	136	118	137	171	194	159	133	236	191	189	119	229	143	173	141	62	164	283	152	193	141	140	96	92	196	151	178	62	101	80	152	37	
61	47	6	24	71	68	87	53	62	18	59	78	43	45	40	56	24	72	50	55	17	56	52	17	45	79	62	65	44	72	51	70	48	64	66	66	54	13	36	81	57	76	55	61	36	36	47	69	48	28	11	37	37	10	
949	855	1627	1345	822	911	793	782	883	196	884	1002	743	941	1049	1153	1027	883	708	802	1112	586	701	1024	1475	1105	859	746	588	1039	807	744	599	973	858	577	609	618	722	1120	891	896	701	863	433	452	1227	1548	699	500	1024	512	588	85	
13	18	4	1	22	25	20	14	21	0	21	26	16	11	16	22	6	25	7	27	7	10	12	8	15	24	25	21	17	25	16	19	12	37	25	19	17	5	14	57	22	29	24	44	11	29	28	17	34	6	4	13	11	3	
20	15	5	0	15	8	15	10	11	2	14	8	14	8	3	17	7	7	12	7	3	6	12	2	9	14	7	10	5	4	7	7	2	6	7	4	12	3	2	10	8	11	7	15	5	4	4	4	9	4	8	8	5	0	
8	6	1	0	7	11	7	7	7	3	4	8	7	8	3	15	2	5	4	5	1	2	8	1	5	10	14	5	4	10	6	11	8	10	7	9	5	2	12	14	14	22	12	8	10	7	15	17	14	1	8	4	3	3	
5	11	2	0	9	10	11	10	6	3	9	9	7	5	3	7	9	12	3	4	0	9	11	6	5	2	12	19	7	9	18	11	7	21	23	3	6	10	12	37	27	26	14	23	9	15	20	28	18	1	13	8	3	1	
