"УИК №628"	"УИК №629"	"УИК №630"	"УИК №631"	"УИК №632"	"УИК №633"	"УИК №634"	"УИК №635"	"УИК №636"	"УИК №637"	"УИК №638"	"УИК №639"	"УИК №640"	"УИК №641"	"УИК №642"	"УИК №643"	"УИК №644"	"УИК №645"	"УИК №646"	"УИК №647"	"УИК №648"	"УИК №649"	"УИК №650"	"УИК №651"	"УИК №652"	"УИК №653"	"УИК №654"	"УИК №655"	"УИК №656"	"УИК №657"	"УИК №658"	"УИК №659"	"УИК №660"	"УИК №661"	"УИК №662"	"УИК №663"	"УИК №664"	"УИК №665"	"УИК №666"	"УИК №667"	"УИК №668"	"УИК №669"	"УИК №670"	"УИК №671"	"УИК №672"	"УИК №673"	"УИК №674"	"УИК №675"	"УИК №676"	"УИК №677"	"УИК №678"	"УИК №679"	"УИК №680"	"УИК №681"	"УИК №682"	"УИК №683"	"УИК №684"	"УИК №685"	"УИК №686"	"УИК №687"	
1397	1428	1357	1205	1295	1229	1063	1524	1149	1546	1604	580	348	679	272	983	242	644	291	1107	384	1354	602	755	190	1330	482	1978	549	1365	196	492	262	246	1288	922	445	195	218	166	882	184	982	399	1650	638	465	1333	1313	1480	1419	1196	698	698	289	633	263	182	250	109	
1210	1200	1140	980	1110	1180	890	1280	1000	1190	1370	500	290	560	230	850	220	560	290	940	310	1160	510	640	170	1120	400	1690	450	1180	190	410	250	240	1100	800	370	180	190	160	770	170	850	350	1410	530	400	1120	1110	1230	1190	990	570	580	280	540	250	180	350	100	
0	0	0	0	0	0	0	0	0	0	0	0	0	0	0	0	0	0	0	0	0	0	0	0	0	0	0	0	0	0	0	0	0	0	0	0	0	0	0	0	0	0	0	0	0	0	0	0	0	0	0	0	0	0	0	0	0	0	0	0	
818	863	867	829	809	845	506	644	797	416	1047	398	216	346	196	658	201	419	190	626	175	867	431	478	125	960	319	958	233	778	104	267	145	149	647	626	311	141	146	109	518	130	619	199	1064	360	256	788	593	980	763	562	459	343	123	425	154	122	147	26	
50	39	36	47	43	36	111	32	25	17	53	21	21	25	9	81	18	37	13	50	31	95	44	52	8	60	35	81	27	72	16	30	11	3	53	45	23	2	11	2	35	5	46	19	86	30	28	58	68	39	60	49	67	69	5	40	8	12	92	69	
342	298	237	104	258	299	273	604	178	757	270	81	53	189	25	111	1	104	87	264	104	198	35	110	37	100	46	651	190	330	70	113	94	88	400	129	36	37	33	49	217	35	185	132	260	140	116	274	449	211	367	379	44	168	152	75	88	46	111	5	
50	39	36	47	43	36	111	32	25	17	53	21	21	25	9	81	18	37	13	50	31	95	44	52	8	60	35	81	27	72	16	30	11	3	53	45	23	2	11	2	35	5	46	19	86	30	28	58	68	39	60	49	67	69	5	40	8	12	92	69	
818	863	867	829	809	845	506	644	797	416	1047	398	216	346	196	658	201	419	190	626	175	867	431	478	125	960	319	958	233	778	104	267	145	149	647	626	311	141	146	109	518	130	619	199	1064	360	256	788	593	980	763	562	459	343	123	425	154	122	147	26	
10	15	7	9	18	9	7	16	10	26	15	12	4	5	1	3	0	11	4	13	7	14	3	3	2	15	8	22	5	17	2	5	1	9	19	0	7	1	8	1	6	0	12	4	16	12	7	18	7	7	12	7	3	9	3	9	6	3	5	0	
858	887	896	867	834	872	610	660	812	407	1085	407	233	366	204	736	219	445	199	663	199	948	472	527	131	1005	346	1017	255	833	118	292	155	143	681	671	327	142	149	110	547	135	653	214	1134	378	277	828	654	1012	811	604	523	403	125	456	156	131	234	95	
0	0	0	0	0	0	0	0	0	0	0	0	0	0	0	0	0	0	0	0	0	0	0	0	0	0	0	0	0	0	0	0	0	0	0	0	0	0	0	0	0	0	0	0	0	0	0	0	0	0	0	0	0	0	0	0	0	0	0	0	
0	0	0	0	0	0	0	0	0	0	0	0	0	0	0	0	0	0	0	0	0	0	0	0	0	0	0	0	0	0	0	0	0	0	0	0	0	0	0	0	0	0	0	0	0	0	0	0	0	0	0	0	0	0	0	0	0	0	0	0	

1	0	1	1	2	2	3	1	0	2	3	4	2	0	1	1	2	1	1	1	2	0	1	2	0	1	1	5	4	5	0	0	3	2	2	3	1	1	0	0	0	0	4	1	5	5	2	4	1	0	4	2	0	1	1	2	0	0	2	0	
21	16	11	26	24	17	8	13	15	30	21	14	9	21	5	8	1	9	2	13	6	24	11	5	2	22	4	29	5	14	2	3	7	7	16	12	2	3	0	4	10	5	14	2	11	8	15	21	13	23	11	6	2	14	1	18	8	4	1	1	
18	7	20	18	15	14	12	9	17	12	13	4	6	1	6	8	1	13	0	3	2	7	6	5	0	6	6	11	6	5	4	5	2	5	10	12	7	2	4	1	7	2	5	5	10	5	4	11	2	11	9	8	9	5	1	4	3	4	8	0	
791	843	841	812	773	824	573	596	769	310	997	370	207	340	190	696	215	402	182	615	176	886	430	505	124	951	329	904	218	788	111	274	132	116	621	636	310	128	138	105	514	121	598	205	1094	294	228	758	617	958	771	571	476	355	110	415	139	114	216	85	
22	16	16	6	14	8	8	24	8	40	41	11	4	2	1	16	0	15	9	19	10	21	22	6	3	15	4	55	16	17	1	9	10	7	24	7	5	5	7	0	13	5	23	1	8	53	16	24	16	11	11	14	28	20	10	9	3	5	4	6	
0	1	1	1	3	3	1	2	1	4	0	0	1	0	0	2	0	1	0	2	2	1	1	1	0	3	0	4	1	0	0	0	0	3	1	0	0	0	0	0	0	0	1	0	1	2	1	0	2	1	0	0	0	1	0	0	0	1	0	0	
1	1	1	2	1	2	0	4	1	1	5	1	1	0	1	1	0	1	2	4	0	4	0	2	1	4	0	0	0	1	0	0	1	0	5	0	0	1	0	0	1	1	2	0	3	1	3	2	0	4	2	2	4	1	0	1	0	0	0	1	
4	3	5	1	2	2	5	11	1	8	5	3	3	2	0	4	0	3	3	6	1	5	1	1	1	3	2	9	5	3	0	1	0	3	2	1	2	2	0	0	2	1	6	0	2	10	8	8	3	4	3	1	4	6	2	7	3	3	3	2	
