"УИК №519"	"УИК №520"	"УИК №521"	"УИК №522"	"УИК №523"	"УИК №524"	"УИК №525"	"УИК №526"	"УИК №527"	"УИК №528"	"УИК №529"	"УИК №530"	"УИК №531"	"УИК №532"	"УИК №533"	"УИК №534"	"УИК №535"	"УИК №536"	"УИК №537"	"УИК №538"	"УИК №539"	"УИК №540"	"УИК №541"	"УИК №542"	"УИК №543"	"УИК №544"	"УИК №545"	"УИК №546"	"УИК №547"	"УИК №548"	"УИК №549"	"УИК №550"	"УИК №551"	"УИК №552"	"УИК №553"	"УИК №554"	"УИК №555"	"УИК №556"	"УИК №557"	"УИК №558"	"УИК №559"	"УИК №560"	"УИК №561"	"УИК №562"	"УИК №563"	"УИК №564"	"УИК №565"	"УИК №566"	"УИК №567"	"УИК №568"	"УИК №569"	"УИК №570"	"УИК №571"	"УИК №572"	"УИК №573"	"УИК №574"	"УИК №575"	"УИК №576"	"УИК №577"	"УИК №578"	"УИК №579"	"УИК №580"	
2387	1905	1279	1696	1708	1712	1771	1349	2137	1923	1416	1343	1755	1556	1650	1558	1225	2043	1408	2219	1810	1339	574	2308	2356	1906	1389	2147	1839	1248	1601	2554	2600	1158	2495	2501	1761	1808	2052	2198	1942	2533	2136	1554	2542	2674	2445	2901	3083	2575	2747	2352	2117	2082	1618	1495	1297	1313	2079	1420	786	1473	
2300	1700	1100	1500	1500	1600	1700	1200	2000	1700	1300	1300	1600	1400	1500	1400	1200	1800	1300	2100	1750	1250	500	2300	2300	1800	1300	2100	1800	1200	1600	2500	2600	1100	2400	2500	1700	1700	2000	2100	1900	2500	2000	1500	2500	2600	2400	2800	2800	2500	2700	2300	2100	2000	1500	1500	1250	1300	2000	1300	700	1400	
0	0	0	0	0	0	0	0	0	0	0	0	0	0	0	0	0	0	0	0	0	0	0	0	0	0	0	0	0	0	0	0	0	0	0	0	0	0	0	0	0	0	0	0	0	0	0	0	0	0	0	0	0	0	0	0	0	0	0	0	0	0	
1448	1159	820	1175	1093	1026	1237	909	1388	1254	883	787	1260	1025	999	797	739	1315	724	1560	1140	862	318	1115	1226	1039	801	1241	1018	634	765	1278	1255	593	1020	1215	793	922	1035	1176	1087	1431	1095	812	1512	1596	1416	1535	1557	1402	1355	1303	1188	1126	669	736	601	574	784	653	351	652	
23	30	11	29	27	16	19	28	35	17	19	30	20	22	28	102	14	20	18	28	34	9	9	21	33	99	28	27	13	23	12	43	30	7	23	28	42	44	57	28	30	28	17	21	16	12	21	172	117	23	59	26	22	35	24	20	22	9	40	36	3	13	
829	511	269	296	380	558	444	263	577	429	398	483	320	353	473	501	447	465	558	512	576	379	173	1164	1041	662	471	832	769	543	823	1179	1315	500	1357	1257	865	734	908	896	783	1041	888	667	972	992	963	1093	1126	1075	1286	971	890	839	807	744	627	717	1176	611	346	735	
23	30	11	29	27	16	19	28	35	17	19	30	20	22	28	102	14	20	18	28	34	9	9	21	33	99	28	27	13	23	12	43	30	7	23	28	42	44	57	28	30	28	17	21	16	12	21	172	116	23	59	26	22	35	24	20	22	9	40	36	3	13	
1448	1159	820	1174	1093	1026	1235	909	1388	1254	883	787	1260	1025	999	797	739	1315	724	1560	1140	862	318	1115	1223	1039	800	1241	1017	634	765	1278	1255	593	1020	1215	792	922	1035	1176	1087	1431	1095	812	1512	1596	1416	1533	1557	1399	1354	1303	1188	1091	669	736	600	574	784	653	351	652	
11	12	3	6	18	7	2	6	7	13	4	7	8	11	10	12	7	12	9	19	12	9	3	9	8	11	9	14	8	7	5	13	4	5	13	8	6	6	13	2	11	5	10	6	16	10	9	17	10	11	8	6	13	11	8	12	4	9	6	2	4	9	
1460	1177	828	1197	1102	1035	1252	931	1416	1258	898	810	1272	1036	1017	887	746	1323	733	1569	1162	862	324	1127	1248	1127	819	1254	1022	650	772	1308	1281	595	1030	1235	828	960	1079	1202	1106	1454	1102	827	1512	1598	1428	1688	1663	1411	1405	1323	1197	1115	685	744	618	574	818	687	350	656	
0	0	0	0	0	0	0	0	0	0	0	0	0	0	0	0	0	0	0	0	0	0	0	0	0	0	0	0	0	0	0	0	0	0	0	0	0	0	0	0	0	0	0	0	0	0	0	0	0	0	0	0	0	0	0	0	0	0	0	0	0	0	
0	0	0	0	0	0	0	0	0	0	0	0	0	0	0	0	0	0	0	0	0	0	0	0	0	0	0	0	0	0	0	0	0	0	0	0	0	0	0	0	0	0	0	0	0	0	0	0	0	0	0	0	0	0	0	0	0	0	0	0	0	0	

6	3	4	5	11	4	5	5	11	6	5	5	4	3	5	10	0	5	6	6	7	5	0	5	9	4	2	10	4	0	2	8	7	5	3	5	6	3	6	7	9	4	4	4	9	5	8	12	5	9	6	11	4	3	5	2	1	2	0	1	1	7	
208	187	122	159	157	161	183	146	212	206	120	109	173	175	132	147	120	208	138	252	149	112	47	188	247	173	164	185	185	123	119	247	233	102	175	209	132	158	164	212	177	300	180	151	231	333	238	259	281	226	255	256	209	155	124	111	64	76	143	95	52	115	
94	77	44	58	69	70	60	46	75	59	64	60	46	54	66	58	29	76	46	101	69	29	21	77	71	73	36	87	57	41	50	82	78	27	79	71	53	42	64	77	65	70	73	57	98	91	75	89	107	83	80	77	50	74	62	41	42	56	52	68	15	57	
1110	875	637	931	824	768	958	707	1068	945	676	606	1004	760	782	649	568	966	523	1163	901	691	244	822	876	847	588	922	749	470	586	942	932	435	742	907	614	722	807	863	828	1013	800	591	1117	1110	1048	1272	1207	1054	1012	939	899	852	475	569	491	428	585	507	271	460	
16	10	5	17	14	14	23	11	23	19	15	12	17	19	13	7	11	30	14	22	16	7	6	19	22	9	11	20	9	5	6	13	7	15	14	13	10	11	14	16	14	29	13	9	30	14	21	26	28	16	23	13	13	15	4	11	6	3	11	6	6	5	
7	5	1	4	15	5	3	4	4	8	5	2	9	5	8	8	4	11	2	5	6	8	3	4	4	6	7	11	5	5	3	4	6	3	7	15	6	7	7	7	6	8	8	3	6	7	6	7	7	5	4	8	7	6	3	2	4	3	9	2	2	4	
10	8	6	10	5	9	7	4	6	5	5	5	10	4	4	4	6	8	3	8	5	8	0	3	11	5	8	6	9	2	2	2	8	3	4	7	3	6	10	9	3	13	12	6	9	20	17	8	4	5	9	9	7	4	3	2	5	2	5	2	1	4	
9	12	9	13	7	4	13	8	17	10	8	11	9	16	7	4	8	19	1	12	9	2	3	9	8	10	3	13	4	4	4	10	10	5	6	8	4	11	7	11	4	17	12	6	12	18	15	15	24	13	16	10	8	6	9	6	5	4	13	6	2	4	
