"УИК №663"	"УИК №664"	"УИК №665"	"УИК №666"	"УИК №667"	"УИК №668"	"УИК №669"	"УИК №670"	"УИК №671"	"УИК №672"	"УИК №673"	"УИК №674"	"УИК №675"	"УИК №676"	"УИК №677"	"УИК №678"	"УИК №679"	"УИК №680"	"УИК №681"	"УИК №682"	"УИК №683"	"УИК №684"	"УИК №685"	"УИК №686"	"УИК №687"	"УИК №688"	"УИК №689"	"УИК №690"	"УИК №691"	"УИК №692"	"УИК №693"	"УИК №694"	"УИК №695"	"УИК №696"	"УИК №697"	"УИК №698"	"УИК №699"	"УИК №700"	"УИК №701"	"УИК №702"	"УИК №703"	"УИК №704"	"УИК №705"	"УИК №706"	"УИК №707"	"УИК №708"	"УИК №709"	"УИК №710"	"УИК №711"	"УИК №712"	"УИК №713"	"УИК №714"	"УИК №715"	"УИК №716"	"УИК №717"	"УИК №718"	"УИК №719"	
414	559	782	837	984	1610	326	2002	1361	941	423	1129	241	1428	1356	1435	1520	1574	1234	1583	1631	1098	688	1502	2927	2601	719	1215	1054	1415	873	1881	457	296	655	1981	1052	1062	611	818	1085	797	1925	667	713	346	965	997	264	586	423	893	442	526	1313	1230	815	
250	390	490	570	660	1190	300	1300	970	710	300	810	170	1200	980	1010	1090	1120	1060	1160	1180	770	490	1080	2500	2100	510	1050	880	1230	670	1720	390	210	470	1450	820	830	450	600	1020	730	1460	530	590	230	720	700	230	470	380	760	330	420	1020	970	740	
0	0	0	0	0	0	0	0	0	0	0	0	0	0	0	0	0	0	0	0	0	0	0	0	0	0	0	0	0	0	0	0	0	0	0	0	0	0	0	0	0	0	0	0	0	0	0	0	0	0	0	0	0	0	0	0	0	
200	265	343	394	509	847	122	1206	736	532	187	632	117	877	799	794	887	889	807	923	1010	603	370	763	2064	1817	422	730	501	1071	403	1463	211	67	230	1247	654	357	132	366	562	306	1247	255	340	133	374	524	132	282	259	481	127	140	833	571	469	
13	4	47	17	22	37	161	19	26	15	28	28	9	16	31	19	28	39	37	43	15	22	17	34	19	21	9	88	176	53	114	66	80	80	161	157	112	378	77	34	202	281	210	260	200	75	130	99	41	55	45	127	183	139	167	211	213	
37	121	100	159	129	306	17	75	208	163	85	150	44	307	150	197	175	192	216	194	155	145	103	283	417	262	79	232	203	106	153	191	99	63	79	46	54	95	241	200	256	143	3	15	50	22	216	77	57	133	76	152	20	141	20	188	58	
13	4	47	17	22	37	161	19	26	15	28	28	9	16	31	19	28	39	37	43	15	22	17	34	19	21	9	88	176	53	114	66	80	80	161	157	112	378	77	34	202	281	210	260	200	75	130	99	41	55	45	127	183	139	167	211	213	
200	265	343	394	509	847	122	1206	736	532	187	632	117	877	799	794	887	889	807	922	1010	603	370	763	2064	1814	422	730	501	1071	403	1463	211	67	230	1247	654	357	132	366	562	306	1247	255	340	133	374	524	132	282	259	481	127	140	833	571	469	
1	6	1	2	3	9	6	10	6	5	0	11	2	11	5	15	10	5	6	9	10	5	3	4	32	33	3	12	5	15	3	30	2	1	5	8	3	3	1	2	7	1	16	3	1	4	3	3	2	3	0	8	1	3	9	4	6	
212	263	389	409	528	875	277	1215	756	542	215	649	124	882	825	798	905	923	838	956	1015	620	384	793	2051	1802	428	806	672	1109	514	1499	289	146	386	1396	763	732	208	398	757	586	1441	512	539	204	501	620	171	334	304	600	309	276	991	778	676	
0	0	0	0	0	0	0	0	0	0	0	0	0	0	0	0	0	0	0	0	0	0	0	0	0	0	0	0	0	0	0	0	0	0	0	0	0	0	0	0	0	0	0	0	0	0	0	0	0	0	0	0	0	0	0	0	0	
0	0	0	0	0	0	0	0	0	0	0	0	0	0	0	0	0	0	0	0	0	0	0	0	0	0	0	0	0	0	0	0	0	0	0	0	0	0	0	0	0	0	0	0	0	0	0	0	0	0	0	0	0	0	0	0	0	

2	2	3	1	1	4	3	5	6	5	5	3	2	6	12	5	9	9	8	17	9	5	0	6	20	14	0	2	2	5	5	11	2	0	4	5	5	10	0	1	1	0	17	5	8	6	0	2	0	2	2	4	1	0	3	4	4	
26	20	24	32	43	62	4	106	81	45	12	63	19	80	77	87	91	93	75	82	106	59	40	81	153	150	35	57	34	51	44	99	33	12	27	185	66	58	9	32	72	45	99	52	33	10	37	41	16	29	34	71	24	26	90	50	37	
13	20	25	34	41	63	17	99	40	33	16	42	3	49	42	45	49	51	41	51	66	44	26	58	144	148	20	81	64	52	36	76	18	13	21	52	38	58	14	23	51	30	63	46	38	10	19	50	15	18	15	43	18	14	59	50	29	
163	212	317	328	409	703	244	945	607	425	171	516	97	714	652	607	714	732	688	755	792	485	304	629	1628	1387	363	615	563	976	423	1275	230	117	322	1121	638	594	182	332	621	503	1204	394	441	176	433	509	133	283	244	464	262	232	817	655	591	
3	4	2	7	7	18	2	30	7	19	2	11	1	16	17	26	15	9	15	18	17	12	8	6	63	61	4	30	3	8	2	21	3	1	4	10	5	4	2	5	2	2	27	3	4	1	5	11	4	0	4	10	1	2	8	5	10	
0	2	4	1	6	5	2	8	7	6	3	2	1	4	7	8	7	8	5	11	7	3	1	4	12	11	1	3	3	7	1	4	3	1	3	5	1	4	0	1	5	4	9	5	5	0	3	3	0	1	1	2	1	0	3	7	1	
2	3	4	4	6	7	5	12	5	5	5	5	0	7	7	8	11	10	2	8	10	6	5	4	10	11	2	11	1	1	1	6	0	1	0	11	8	4	1	2	1	0	10	2	6	0	2	3	1	0	1	3	1	1	8	4	1	
3	0	10	2	15	13	0	10	3	4	1	7	1	6	11	12	9	11	4	14	8	6	0	5	21	20	3	7	2	9	2	7	0	1	5	7	2	0	0	2	4	2	12	5	4	1	2	1	2	1	3	3	1	1	3	3	3	
