"УИК №937"	"УИК №938"	"УИК №939"	"УИК №940"	"УИК №941"	"УИК №942"	"УИК №943"	"УИК №944"	"УИК №945"	"УИК №946"	"УИК №947"	"УИК №948"	"УИК №949"	"УИК №950"	"УИК №951"	"УИК №952"	"УИК №953"	"УИК №954"	"УИК №955"	"УИК №956"	"УИК №957"	"УИК №958"	"УИК №959"	"УИК №960"	"УИК №961"	"УИК №962"	"УИК №963"	"УИК №964"	"УИК №965"	"УИК №966"	"УИК №967"	"УИК №968"	"УИК №969"	"УИК №970"	"УИК №971"	"УИК №972"	"УИК №973"	"УИК №974"	"УИК №975"	"УИК №976"	"УИК №977"	"УИК №978"	"УИК №979"	"УИК №980"	"УИК №981"	"УИК №982"	"УИК №983"	"УИК №984"	"УИК №985"	"УИК №986"	"УИК №987"	"УИК №988"	"УИК №989"	"УИК №990"	"УИК №991"	"УИК №992"	"УИК №993"	"УИК №994"	"УИК №995"	"УИК №996"	"УИК №997"	"УИК №998"	"УИК №999"	"УИК №1000"	"УИК №1001"	"УИК №1002"	"УИК №1003"	"УИК №1004"	"УИК №1005"	"УИК №1006"	"УИК №1007"	"УИК №1008"	"УИК №1009"	"УИК №1010"	"УИК №1011"	"УИК №1012"	"УИК №1013"	"УИК №1014"	"УИК №1015"	"УИК №1016"	"УИК №1017"	"УИК №1018"	"УИК №1019"	"УИК №1020"	"УИК №1021"	"УИК №1022"	"УИК №1023"	"УИК №1024"	"УИК №1025"	"УИК №1026"	"УИК №1027"	"УИК №1028"	"УИК №1029"	"УИК №1030"	"УИК №1031"	"УИК №1032"	"УИК №1033"	"УИК №1034"	"УИК №1035"	"УИК №1036"	"УИК №1037"	"УИК №1038"	"УИК №1039"	"УИК №1040"	"УИК №1041"	"УИК №1042"	"УИК №1043"	"УИК №1044"	"УИК №1045"	"УИК №1046"	"УИК №3581"	"УИК №3609"	"УИК №3610"	"УИК №3611"	"УИК №3612"	"УИК №3613"	"УИК №3614"	"УИК №3615"	"УИК №3616"	"УИК №3617"	"УИК №3618"	"УИК №3619"	"УИК №3620"	"УИК №3621"	"УИК №3772"	"УИК №3773"	"УИК №3774"	"УИК №3775"	"УИК №4220"	"УИК №4221"	
1396	1444	1044	967	1007	1379	1269	1187	987	1212	716	1543	1448	1176	1367	1026	664	576	868	1384	1182	548	433	934	930	359	1263	1164	1222	681	1126	529	1602	1554	1442	1439	1434	1595	1607	1311	1562	1497	1362	1168	1344	1664	1295	1388	1516	1213	1111	1282	959	1333	1288	1079	1327	1464	1362	1276	1404	1276	1514	1344	1259	1512	1487	1375	1443	1464	1541	1291	1383	1463	1433	1382	1326	1490	1661	1498	693	1399	1329	1420	1444	1351	1446	1261	1421	1283	1426	1406	1419	1291	1354	1415	1192	1447	1493	1364	1514	1560	2124	906	362	200	28	37	49	173	862	1578	1239	1317	1213	1506	1246	1463	1291	1439	1223	1303	1151	1396	334	367	440	852	382	247	
1200	1300	900	900	900	1200	1100	1000	900	1100	600	1300	1300	1000	1200	900	600	500	700	1300	1000	400	350	800	800	300	1100	1000	1100	600	900	450	1100	1300	1300	1200	1300	1400	1400	1200	1200	1300	1200	1000	1200	1200	1200	1300	1200	1000	1000	1200	900	1200	1100	1000	1100	1300	1300	1200	1300	1100	1300	1200	1100	1200	1300	1200	1300	1300	1400	1200	1200	1300	1300	1200	1200	1300	1500	1300	600	1300	1200	1300	1300	1200	1300	1100	1200	1100	1200	1200	1200	1200	1200	1200	1000	1300	1200	1200	1300	1300	1900	800	300	200	50	50	50	200	800	1300	1100	1200	1000	1300	1100	1300	1100	1300	1100	1200	1000	1300	250	300	350	750	450	300	
0	0	0	0	0	0	0	0	0	0	0	0	0	0	0	0	0	0	0	0	0	0	0	0	0	0	0	0	0	0	0	0	0	0	0	0	0	0	0	0	0	0	0	0	0	0	0	0	0	0	0	0	0	0	0	0	0	0	0	0	0	0	0	0	0	0	0	0	0	0	0	0	0	0	0	0	0	0	0	0	0	0	0	0	0	0	0	0	0	0	0	0	0	0	0	0	0	0	0	0	0	0	0	0	0	0	0	0	0	0	0	0	0	0	0	0	0	0	0	0	0	0	0	0	0	0	0	0	0	0	
784	789	642	620	583	745	684	655	630	781	351	768	1007	609	801	638	372	324	492	818	675	291	262	564	540	193	980	724	720	321	631	247	979	1244	1219	1140	787	848	942	744	1136	769	805	698	831	1066	801	797	1142	696	684	664	624	809	708	607	712	883	798	722	903	736	991	745	666	952	857	844	922	937	966	726	752	763	838	878	772	835	905	1008	569	841	755	860	880	833	856	705	875	755	940	788	847	810	786	797	598	758	733	793	904	836	1643	740	300	200	28	36	44	166	583	1083	738	809	658	847	774	889	734	807	952	767	688	878	195	225	205	377	382	246	
82	74	77	79	265	165	105	108	66	78	100	104	6	75	47	62	49	41	80	60	55	86	37	79	63	49	52	45	78	102	63	56	92	31	45	57	54	52	35	33	40	62	45	29	42	42	37	44	27	42	33	30	18	23	38	37	25	35	23	26	19	35	23	48	41	36	17	31	37	10	26	45	42	60	47	23	30	48	31	26	3	66	58	32	28	15	20	19	17	27	19	16	22	22	38	20	70	53	51	68	36	77	50	11	0	0	0	0	0	0	11	24	27	12	51	117	19	25	24	39	122	19	11	31	42	32	38	36	0	0	
334	437	181	201	52	290	311	237	204	241	149	428	287	316	352	200	179	135	128	422	270	23	51	157	197	58	68	231	302	177	206	147	29	24	36	3	459	500	423	423	24	469	350	273	327	92	362	459	31	262	283	506	258	368	354	356	363	382	479	452	378	329	286	407	393	212	426	325	341	353	408	429	406	477	415	299	398	417	564	266	28	393	387	408	392	352	424	376	308	318	241	396	331	368	376	383	332	489	416	339	360	387	207	49	0	0	22	14	6	34	206	189	335	379	291	336	307	386	342	454	24	414	301	391	13	43	107	337	68	54	
82	74	77	79	265	165	105	108	66	78	100	104	6	75	47	62	49	41	80	60	55	86	37	79	63	49	52	45	78	102	63	56	92	31	45	57	54	52	35	33	40	62	45	29	42	42	37	44	27	42	33	30	18	23	38	37	25	35	23	26	19	35	23	48	41	36	17	31	37	10	26	45	42	60	47	23	30	48	31	26	3	66	58	32	28	15	20	19	17	27	19	16	22	22	38	20	70	53	51	68	36	77	50	11	0	0	0	0	0	0	11	24	27	12	51	117	19	25	24	39	122	19	11	31	42	32	38	36	0	0	
784	789	642	620	583	745	684	655	630	781	351	768	1007	609	801	638	372	324	491	818	675	291	262	564	540	193	975	724	720	321	631	247	978	1244	1219	1140	787	848	942	744	1136	769	805	698	831	1065	801	797	1139	696	684	664	624	809	708	607	712	883	797	722	903	736	991	745	666	949	857	844	922	937	965	726	752	763	836	878	772	835	905	1008	569	841	755	860	880	833	855	705	875	755	940	788	847	810	786	797	587	758	732	793	904	836	1630	740	300	200	28	36	44	166	582	1083	738	809	657	843	774	882	734	807	952	766	688	878	195	225	205	377	382	246	
10	9	12	5	4	19	18	51	4	12	2	14	9	11	23	14	13	4	7	12	14	9	1	9	7	5	14	8	29	1	7	1	20	16	29	0	11	29	15	13	15	19	24	13	14	30	17	14	14	10	13	13	12	20	10	13	16	26	15	5	32	22	22	12	14	24	23	25	16	24	17	30	16	14	22	21	12	22	27	12	4	23	36	26	37	18	22	14	16	16	16	17	11	20	20	16	7	5	9	12	15	7	15	3	6	4	0	0	0	0	9	25	22	11	5	15	15	17	17	28	19	24	17	17	7	2	9	3	31	6	
856	854	707	694	844	891	771	712	692	847	449	858	1004	673	825	686	408	361	564	866	716	368	298	634	596	237	1013	761	769	422	687	302	1050	1259	1235	1197	830	871	962	764	1161	812	826	714	859	1077	821	827	1152	728	704	681	630	812	736	631	721	892	805	743	890	749	992	781	693	961	851	850	943	923	974	741	778	809	861	880	790	861	909	1022	568	884	777	866	871	830	853	710	876	766	943	787	858	812	804	801	650	806	774	849	925	906	1665	748	294	196	28	36	44	166	584	1082	743	810	703	945	778	890	741	818	1055	761	682	892	230	255	234	410	351	240	
0	0	0	0	0	0	0	0	0	0	0	0	0	0	0	0	0	0	0	0	0	0	0	0	0	0	0	0	0	0	0	0	0	1	0	0	0	0	0	0	0	0	0	0	0	0	0	0	0	0	0	0	0	0	0	0	0	0	0	0	0	0	0	0	0	0	0	0	0	0	0	0	0	0	0	0	0	0	0	0	0	0	0	0	0	0	0	0	0	0	0	0	0	0	0	0	0	0	0	0	0	0	0	0	0	0	0	0	0	0	0	4	0	0	0	0	0	0	0	0	2	0	0	0	0	0	0	0	0	0	
0	0	0	0	0	0	0	0	0	0	0	0	0	0	0	0	0	0	0	0	0	0	0	0	0	0	0	0	0	0	0	0	0	0	0	0	0	0	0	0	0	0	0	0	0	0	0	0	0	0	0	0	0	0	0	0	0	0	0	0	0	0	0	0	0	0	0	0	0	0	0	0	0	0	0	0	0	0	0	0	0	0	0	0	0	0	0	0	0	0	0	0	0	0	0	0	0	0	0	0	0	0	0	0	0	0	0	0	0	0	0	0	0	0	0	0	0	0	0	0	0	0	0	0	0	0	0	0	0	0	

3	8	1	3	1	9	6	1	4	2	1	2	7	7	3	5	1	2	2	2	4	2	3	5	5	3	6	8	2	0	2	1	23	5	16	4	8	2	0	6	10	5	6	7	5	3	6	2	11	11	6	5	9	7	9	5	3	7	9	11	6	6	9	8	2	5	8	9	9	10	5	12	14	3	3	8	7	5	5	10	4	7	6	4	8	9	6	8	5	5	7	4	6	8	3	10	5	5	8	8	5	11	6	2	1	0	0	0	0	1	4	7	5	4	7	9	5	6	9	8	11	5	7	1	0	1	3	0	4	0	
137	120	102	111	70	169	108	115	74	94	61	93	144	116	137	84	53	69	85	119	93	46	29	101	99	30	169	118	108	48	105	53	159	209	125	328	107	151	129	122	195	164	128	120	139	147	104	111	218	113	118	125	97	117	125	119	119	163	138	114	147	108	144	115	118	133	140	128	150	156	156	102	98	106	121	133	122	121	151	180	90	121	126	123	131	144	116	85	121	127	130	107	120	134	108	100	75	131	112	110	136	169	160	79	29	27	0	3	7	25	68	170	146	124	94	148	162	138	101	130	175	99	117	135	31	40	39	72	7	13	
58	46	37	42	27	71	68	46	28	44	28	47	66	30	51	35	22	18	37	58	42	19	19	57	35	10	148	47	46	20	36	16	77	120	63	46	33	47	72	51	42	40	45	43	49	60	42	45	153	44	41	39	25	47	53	23	49	51	37	43	36	43	52	45	30	69	54	45	47	45	55	61	35	61	52	52	37	43	56	49	22	53	53	51	57	54	50	39	13	40	71	43	75	50	41	50	42	44	51	47	54	49	97	52	22	9	4	6	4	13	58	83	25	40	44	52	35	56	59	49	43	47	27	58	20	18	12	26	77	54	
625	649	539	519	736	610	575	532	576	693	349	697	731	503	611	547	313	263	423	664	560	293	234	451	442	183	658	538	586	342	515	227	752	889	988	791	634	619	719	540	868	573	602	503	626	815	625	626	726	530	506	495	471	575	516	457	519	634	573	537	652	558	725	582	506	716	612	634	687	653	712	535	595	608	645	628	590	648	672	746	428	657	550	643	642	599	651	550	696	556	698	603	626	586	623	614	510	594	577	649	701	650	1354	597	236	155	22	27	28	119	427	771	533	601	524	689	525	653	536	588	784	581	503	661	176	188	176	295	228	140	
16	9	11	6	2	7	2	7	2	4	4	8	35	11	9	7	6	3	8	10	4	2	7	10	5	3	11	10	13	2	8	2	18	21	19	6	26	20	18	18	18	15	15	15	11	20	13	17	16	11	7	6	9	30	11	11	12	13	22	13	21	14	24	6	18	12	9	16	20	25	19	14	14	13	14	28	16	18	6	13	11	17	11	19	15	5	7	10	15	15	14	10	10	14	9	12	5	14	14	12	6	9	16	4	2	2	2	0	4	5	10	20	10	16	19	16	29	10	14	18	20	14	10	17	2	4	1	6	27	31	
4	6	3	4	5	13	3	3	5	1	1	2	6	0	2	3	8	1	2	3	5	1	3	2	1	2	6	7	9	3	7	2	5	2	9	7	6	10	10	2	6	2	5	4	6	9	7	4	9	7	10	5	4	6	6	5	4	5	5	7	5	3	15	8	7	11	9	6	6	6	9	1	4	3	8	10	3	9	7	11	2	10	6	11	3	6	6	7	10	7	5	7	6	7	2	4	5	6	6	5	8	7	12	5	1	1	0	0	1	0	3	4	6	5	5	8	3	9	5	11	5	4	7	4	0	2	2	3	4	0	
3	5	4	6	2	5	3	4	0	4	3	6	6	5	5	2	4	2	2	0	5	1	2	4	5	2	4	14	2	5	7	1	7	5	9	11	5	6	6	13	9	7	8	11	11	9	10	6	8	8	8	1	11	13	6	4	3	9	7	2	6	11	14	7	3	6	9	7	14	11	10	8	8	5	7	13	5	5	5	7	5	9	11	3	7	5	5	3	7	8	14	5	6	7	8	5	6	6	3	6	4	6	7	4	1	1	0	0	0	1	5	15	6	7	5	6	11	10	6	9	8	4	8	6	1	1	0	2	3	1	
10	11	10	3	1	7	6	4	3	5	2	3	9	1	7	3	1	3	5	10	3	4	1	4	4	4	11	19	3	2	7	0	9	8	6	4	11	16	8	12	13	6	17	11	12	14	14	16	11	4	8	5	4	17	10	7	12	10	14	16	17	6	9	10	9	9	10	5	10	17	8	8	10	10	11	8	10	12	7	6	6	10	14	12	8	8	12	8	9	8	4	8	9	6	10	6	2	6	3	12	11	5	13	5	2	1	0	0	0	2	9	12	12	13	5	17	8	8	11	5	9	7	3	10	0	1	1	6	1	1	
