"УИК №853"	"УИК №854"	"УИК №855"	"УИК №856"	"УИК №857"	"УИК №858"	"УИК №859"	"УИК №860"	"УИК №861"	"УИК №862"	"УИК №863"	"УИК №864"	"УИК №865"	"УИК №866"	"УИК №867"	"УИК №868"	"УИК №869"	"УИК №870"	"УИК №871"	"УИК №872"	"УИК №873"	"УИК №874"	"УИК №875"	"УИК №876"	"УИК №877"	"УИК №878"	"УИК №879"	"УИК №880"	"УИК №881"	"УИК №882"	"УИК №883"	"УИК №884"	"УИК №885"	"УИК №886"	"УИК №887"	"УИК №888"	"УИК №889"	"УИК №890"	"УИК №891"	"УИК №892"	"УИК №893"	"УИК №894"	"УИК №895"	"УИК №896"	"УИК №897"	"УИК №898"	"УИК №899"	"УИК №900"	"УИК №901"	"УИК №902"	"УИК №903"	"УИК №904"	"УИК №905"	"УИК №906"	"УИК №907"	"УИК №908"	"УИК №909"	"УИК №910"	"УИК №911"	"УИК №912"	"УИК №913"	"УИК №914"	"УИК №915"	"УИК №916"	"УИК №917"	"УИК №918"	"УИК №919"	"УИК №920"	"УИК №921"	"УИК №922"	"УИК №923"	"УИК №924"	"УИК №925"	"УИК №926"	"УИК №927"	"УИК №928"	"УИК №929"	"УИК №930"	"УИК №931"	"УИК №932"	"УИК №933"	"УИК №934"	"УИК №935"	"УИК №936"	"УИК №3653"	"УИК №3654"	"УИК №3655"	"УИК №3656"	"УИК №3657"	"УИК №3658"	"УИК №3659"	"УИК №3660"	"УИК №4204"	"УИК №4219"	
1331	1392	1533	1290	844	1822	1340	1110	1399	1694	1089	712	1316	1209	737	1153	1287	777	971	1147	983	1391	1185	1357	221	980	1263	1162	1142	1024	1055	1083	1239	1255	981	1156	1248	1042	1463	1432	1332	1359	1204	1202	1523	1283	1314	1655	1433	264	353	455	539	543	426	638	714	1618	984	317	527	224	1420	1068	1989	1795	1747	1685	1588	1104	682	472	1130	1416	803	951	456	500	1467	1640	1127	1237	531	1034	1190	873	977	1381	1554	1122	1142	1548	246	189	
1250	1250	1350	1150	850	1650	1250	1000	1300	1600	1000	600	1250	1100	650	1000	1100	800	850	1000	900	1250	1100	1250	200	900	1200	1100	1100	950	1000	1050	1100	1100	900	950	1100	1000	1350	1250	1250	1250	1050	1100	1300	1300	1300	1600	1300	240	300	400	450	500	420	650	600	1500	950	270	500	230	1350	1000	1800	1600	1600	1500	1400	1000	600	400	1000	1300	700	800	400	400	1300	1500	1100	1100	500	900	1050	800	900	1200	1300	1050	1050	1400	248	177	
0	0	0	0	0	0	0	0	0	0	0	0	0	0	0	0	0	0	0	0	0	0	0	0	0	0	0	0	0	0	0	0	0	0	0	0	0	0	0	0	0	0	0	0	0	0	0	0	0	0	0	0	0	0	0	0	0	0	0	0	0	0	0	0	0	0	0	0	0	0	0	0	0	0	0	0	0	0	0	0	0	0	0	0	0	0	0	0	0	0	0	0	0	0	
735	832	825	609	498	1095	827	713	820	966	699	401	790	676	426	713	781	445	503	745	619	827	765	823	148	575	738	732	668	621	667	726	748	705	618	695	748	609	886	936	853	843	721	718	1021	849	880	970	817	188	207	314	285	405	254	415	317	1121	617	201	330	166	836	590	1144	901	990	919	843	613	411	250	603	786	443	486	267	256	787	892	750	688	275	621	687	495	536	882	874	684	656	907	129	49	
63	30	59	57	33	37	94	19	32	43	21	20	67	30	15	19	43	14	48	41	11	32	24	28	26	16	61	27	27	28	59	33	23	57	61	32	23	41	94	33	27	59	23	31	40	50	30	21	260	25	20	51	45	32	58	48	85	62	107	57	68	14	87	72	92	120	107	92	45	68	41	25	79	29	53	69	37	87	57	33	21	25	64	44	35	28	24	16	141	31	23	35	115	121	
452	388	466	484	319	518	329	268	448	591	280	179	393	394	209	268	276	341	299	214	270	391	311	399	26	309	401	341	405	301	274	291	329	338	221	223	329	350	370	281	370	348	306	351	239	401	390	609	223	27	73	35	120	63	108	187	198	317	226	12	102	50	427	338	564	579	503	489	512	319	148	125	318	485	204	245	96	57	456	575	329	387	161	235	328	277	340	301	195	335	371	458	4	7	
63	30	59	57	33	37	94	19	32	43	21	20	67	30	15	19	43	14	48	41	11	32	24	28	26	16	61	27	27	28	59	33	23	57	61	32	23	41	94	33	27	59	23	31	40	50	30	21	260	25	20	51	45	32	58	48	85	62	107	57	68	14	87	72	92	120	107	92	45	68	41	25	79	29	53	69	37	87	57	33	21	25	64	44	35	28	24	16	141	31	23	35	115	121	
735	832	825	608	498	1095	827	713	820	966	699	401	790	676	426	713	781	445	503	745	619	827	765	823	148	571	738	731	668	621	667	726	747	705	618	695	748	609	886	936	853	843	720	718	981	849	880	970	817	188	207	314	285	405	254	412	317	1121	617	201	330	166	836	590	1144	901	990	919	843	613	411	250	603	786	443	486	267	256	787	892	750	688	275	621	687	495	536	882	874	684	656	907	129	49	
7	9	12	12	6	14	12	14	6	8	19	2	13	7	6	19	9	3	12	11	6	10	7	14	2	7	15	9	8	5	11	12	44	8	8	9	9	7	8	9	13	6	7	6	7	6	7	10	14	0	3	11	3	3	6	2	2	19	7	0	3	1	19	13	10	17	8	9	11	5	2	4	9	12	2	6	2	2	12	8	7	12	4	11	6	4	4	7	13	6	3	5	4	1	
791	853	872	653	525	1118	909	718	846	1001	701	419	844	699	435	713	815	456	539	775	624	849	782	837	172	580	784	749	687	644	715	747	726	754	671	718	762	643	972	960	867	896	736	743	1014	893	903	981	1063	213	224	354	327	434	306	458	400	1164	717	258	395	179	904	649	1226	1004	1089	1002	877	676	450	271	673	803	494	549	302	341	832	917	764	701	335	654	716	519	556	891	1002	709	676	937	240	169	
0	0	0	0	0	0	0	0	0	0	0	0	0	0	0	0	0	0	0	0	0	0	0	0	0	0	0	0	0	0	0	0	0	0	0	0	0	0	0	0	0	0	0	0	0	0	0	0	0	0	0	0	0	0	0	0	0	0	0	0	0	0	0	0	0	0	0	0	0	0	0	0	0	0	0	0	0	0	0	0	0	0	0	0	0	0	0	1	90	0	0	0	0	0	
0	0	0	0	0	0	0	0	0	0	0	0	0	0	0	0	0	0	0	0	0	0	0	0	0	0	0	0	0	0	0	0	0	0	0	0	0	0	0	0	0	0	0	0	0	0	0	0	0	0	0	0	0	0	0	0	0	0	0	0	0	0	0	0	0	0	0	0	0	0	0	0	0	0	0	0	0	0	0	0	0	0	0	0	0	0	0	0	0	0	0	0	0	0	

9	11	6	2	4	10	9	5	9	6	4	1	6	9	8	5	4	5	3	5	0	9	5	6	1	1	4	11	8	4	2	2	8	4	6	3	5	5	6	5	8	9	5	3	8	6	7	8	9	0	0	4	2	5	3	5	3	6	1	2	2	0	7	8	5	6	11	9	9	5	1	2	8	3	3	4	4	1	1	9	6	4	0	8	8	2	6	10	2	4	5	7	3	1	
84	116	108	66	58	173	114	98	135	130	80	67	110	94	60	100	105	67	51	88	82	117	119	101	27	72	98	114	99	101	76	106	101	113	89	107	123	86	116	123	136	92	113	94	132	148	151	134	93	36	17	27	42	46	32	62	43	144	57	22	46	12	92	60	167	114	185	114	176	69	47	35	79	79	81	57	40	40	116	148	93	115	44	97	87	67	79	113	120	96	102	106	2	20	
66	67	87	65	50	74	60	58	63	90	50	35	72	57	47	54	62	37	35	58	45	68	60	75	9	54	60	35	54	37	64	51	43	51	64	48	64	42	59	68	71	80	54	57	73	44	51	67	79	11	25	23	26	29	14	39	28	96	52	20	31	16	77	44	105	84	75	74	53	36	28	23	44	62	29	37	10	19	72	65	50	53	18	36	48	43	38	72	89	55	55	70	8	9	
603	628	638	503	389	784	690	506	598	727	522	287	614	512	294	525	601	326	420	580	469	612	565	613	124	428	581	545	488	458	530	543	533	548	480	506	524	470	738	706	610	671	536	559	753	662	652	720	849	164	178	287	248	336	252	317	305	884	589	205	303	144	704	519	911	772	792	783	585	543	362	199	527	639	370	426	239	268	598	661	588	501	261	484	546	386	399	646	711	520	477	727	219	131	
15	9	16	10	5	33	17	20	22	23	17	16	12	8	7	11	17	9	10	22	10	15	16	16	5	11	11	18	9	19	19	20	12	14	13	15	18	14	24	24	13	24	18	14	23	11	15	17	19	1	3	7	3	6	2	9	14	20	5	3	4	4	6	5	14	5	10	5	15	6	3	5	9	2	4	11	2	4	20	13	8	10	6	7	6	8	7	17	27	12	12	10	3	5	
6	7	6	0	6	7	7	10	8	5	2	0	4	4	3	4	5	4	2	4	4	7	3	3	2	3	11	9	10	2	4	4	14	7	4	7	9	3	10	7	11	5	1	6	7	10	8	12	5	1	0	2	1	1	0	7	0	5	5	5	3	0	5	2	8	11	4	6	7	0	5	6	3	10	4	7	2	0	3	7	10	8	0	8	7	5	7	8	18	2	9	4	2	2	
4	8	6	4	5	22	6	10	5	5	8	6	15	10	12	7	13	6	11	8	8	11	11	13	2	5	10	11	11	15	14	13	3	8	8	16	9	13	6	14	11	6	6	5	12	7	11	11	6	0	1	1	4	8	0	12	3	5	7	0	2	2	7	5	9	7	8	9	26	12	3	1	2	4	2	3	4	3	9	12	1	8	1	5	7	7	12	16	21	10	9	10	1	0	
4	7	5	3	8	15	6	11	6	15	18	7	11	5	4	7	8	2	7	10	6	10	3	10	2	6	9	6	8	8	6	8	12	9	7	16	10	10	13	13	7	9	3	5	6	5	8	12	3	0	0	3	1	3	3	7	4	4	1	1	4	1	6	6	7	5	4	2	6	5	1	0	1	4	1	4	1	6	13	2	8	2	5	9	7	1	8	9	14	10	7	3	2	1	
