"УИК №2966"	"УИК №2967"	"УИК №2968"	"УИК №2969"	"УИК №2970"	"УИК №2971"	"УИК №2972"	"УИК №2973"	"УИК №2974"	"УИК №2975"	"УИК №2976"	"УИК №2977"	"УИК №2978"	"УИК №2979"	"УИК №2980"	"УИК №2981"	"УИК №2982"	"УИК №2983"	"УИК №2984"	"УИК №2985"	"УИК №2986"	"УИК №2987"	"УИК №2988"	"УИК №2989"	"УИК №2990"	"УИК №2991"	"УИК №2992"	"УИК №2993"	"УИК №2994"	"УИК №2995"	"УИК №2996"	"УИК №2997"	"УИК №2998"	"УИК №2999"	"УИК №3000"	"УИК №3001"	"УИК №3002"	"УИК №3003"	"УИК №3004"	"УИК №3005"	"УИК №3006"	"УИК №3007"	"УИК №3008"	"УИК №3009"	"УИК №3010"	"УИК №3011"	"УИК №3012"	"УИК №3013"	"УИК №3014"	"УИК №3015"	"УИК №3016"	"УИК №3017"	"УИК №3018"	"УИК №3019"	"УИК №3020"	"УИК №3021"	"УИК №3022"	"УИК №3023"	"УИК №3024"	"УИК №3025"	"УИК №3026"	"УИК №3027"	"УИК №3028"	"УИК №3029"	"УИК №3030"	"УИК №3031"	"УИК №3032"	"УИК №4091"	"УИК №4092"	"УИК №4093"	"УИК №4094"	"УИК №4095"	"УИК №4096"	"УИК №4097"	"УИК №4098"	"УИК №4099"	"УИК №4100"	"УИК №4101"	"УИК №4102"	"УИК №4103"	"УИК №4104"	"УИК №4105"	"УИК №4106"	"УИК №4107"	"УИК №4108"	"УИК №4109"	"УИК №4110"	"УИК №4111"	"УИК №4112"	"УИК №4113"	"УИК №4114"	"УИК №4237"	"УИК №4238"	
1593	1968	1307	1409	2671	1804	1924	790	2061	2012	1613	1892	1630	434	1664	1738	1488	1232	1203	1099	1038	1162	972	1206	1040	1043	1159	1590	1899	1364	1185	858	1215	1709	1500	516	485	1662	1950	1500	1426	1288	813	1454	1262	853	2587	1119	1791	1424	1739	805	1324	1011	997	1774	2017	1734	979	1747	895	686	579	958	583	577	1551	1051	1279	1332	1796	1831	1012	972	1312	1384	1264	1055	752	1038	1123	1410	723	1352	938	1160	1276	1342	1228	1534	1062	427	365	
1170	1440	1030	1080	1540	1390	1590	560	1590	1600	1350	1510	1260	470	1380	1450	1080	1010	900	900	850	920	1300	970	840	800	900	1240	1520	1110	960	620	940	1260	1050	370	310	1220	1510	1320	1150	1160	640	1260	920	660	1860	780	1100	1110	1370	770	1010	810	760	1370	1550	1370	790	1360	610	560	650	670	430	450	1370	780	1000	1060	1380	1300	810	780	1050	1130	1000	810	950	870	950	1030	730	1080	750	820	950	940	970	1280	800	360	450	
0	0	0	0	0	0	0	0	0	0	0	0	0	0	0	0	0	0	0	0	0	0	0	0	0	0	0	0	0	0	0	0	0	0	0	0	0	0	0	0	0	0	0	0	0	0	0	0	0	0	0	0	0	0	0	0	0	0	0	0	0	0	0	0	0	0	0	0	0	0	0	0	0	0	0	0	0	0	0	0	0	0	0	0	0	0	0	0	0	0	0	0	0	
797	1049	612	706	1395	874	1001	469	1089	1067	825	936	908	405	987	988	744	648	600	619	612	679	959	702	455	596	761	832	1058	709	661	451	633	928	803	255	234	1113	1044	803	791	768	420	903	770	389	1533	560	932	958	1062	607	578	621	701	1003	1507	802	483	1014	483	415	341	609	304	311	1020	611	662	677	1005	1046	574	603	681	793	727	600	735	652	595	775	651	640	516	638	754	841	758	802	760	234	327	
42	23	7	15	37	8	29	2	19	23	31	38	35	29	23	15	12	19	13	8	16	19	13	11	4	9	6	9	21	22	15	15	20	33	15	103	23	2	20	247	20	24	9	18	26	32	24	38	26	6	17	14	40	13	19	26	34	54	30	102	41	16	133	26	7	39	5	9	10	14	5	23	9	8	14	8	12	17	17	22	1	9	5	18	9	8	16	9	9	9	2	96	38	
328	368	411	359	108	508	560	89	482	510	494	536	317	36	370	447	324	343	287	273	222	222	328	257	381	195	133	399	441	379	284	154	287	299	232	12	53	105	446	270	339	368	211	339	124	239	303	182	142	146	291	149	392	176	40	341	9	514	277	244	86	129	176	35	119	100	345	160	328	369	370	231	227	169	355	329	261	193	198	196	354	246	74	422	225	174	180	90	203	469	38	30	85	
42	23	7	15	37	8	29	2	19	23	31	38	35	29	23	15	12	19	13	8	16	19	13	11	4	9	6	9	21	22	15	15	20	33	15	103	23	2	20	247	20	24	9	18	26	32	24	38	26	6	17	14	40	13	19	26	34	54	30	102	41	16	133	26	7	39	5	9	10	14	5	23	9	8	14	8	12	17	17	22	1	9	5	18	9	8	16	9	9	9	2	96	38	
797	1049	612	706	1395	874	999	469	1089	1067	825	936	908	405	985	987	744	648	600	618	612	679	959	702	455	596	761	832	1058	709	661	451	633	928	803	255	234	1113	1044	803	791	768	420	903	768	389	1533	560	932	958	1061	607	578	621	701	1003	1507	802	483	1014	483	415	341	609	304	311	1020	610	662	677	1005	1046	574	603	681	793	727	600	735	652	594	775	651	640	516	638	754	840	758	801	760	234	327	
10	20	3	10	16	20	16	4	13	19	8	11	18	4	13	12	12	9	4	6	10	13	17	6	5	16	6	10	16	17	15	9	11	13	13	8	0	11	13	14	9	11	6	18	8	4	9	6	9	12	19	10	10	9	6	11	0	7	9	12	6	4	7	4	3	3	17	6	8	7	5	7	5	10	14	10	10	7	7	6	9	16	7	10	1	10	16	11	8	7	11	9	1	
829	1052	616	711	1416	862	1012	467	1095	1071	848	963	925	430	995	990	744	658	609	620	618	685	955	707	454	589	761	831	1063	714	661	457	642	948	805	350	257	1104	1051	1036	802	781	423	903	786	417	1548	592	949	952	1059	611	608	625	714	1018	1541	849	504	1104	518	427	467	631	308	347	1008	613	664	684	1005	1062	578	601	681	791	729	610	745	668	586	768	649	648	524	636	754	838	759	803	751	321	364	
3	0	0	0	0	0	0	0	0	0	0	0	0	0	0	0	0	0	0	0	0	0	0	0	0	0	0	0	0	0	0	0	0	0	0	0	0	0	0	0	0	0	0	0	0	0	0	0	0	0	0	0	0	0	0	0	0	0	0	0	0	0	0	0	0	0	0	0	0	0	0	0	0	0	0	0	0	0	0	0	0	0	0	0	0	0	0	0	0	0	0	0	0	
0	0	0	0	0	0	0	0	0	0	0	0	0	0	0	0	0	0	0	0	0	0	0	0	0	0	0	0	0	0	0	0	0	0	0	0	0	0	0	0	0	0	0	0	0	0	0	0	0	0	0	0	0	0	0	0	0	0	0	0	0	0	0	0	0	0	0	0	0	0	0	0	0	0	0	0	0	0	0	0	0	0	0	0	0	0	0	0	0	0	0	0	0	

5	8	2	4	7	9	13	3	8	9	5	3	6	2	3	11	3	4	0	3	5	1	7	8	5	4	4	8	8	5	5	2	5	13	10	2	0	5	8	3	3	5	4	7	5	6	12	9	3	2	7	3	0	3	6	3	8	5	1	6	0	3	2	2	0	0	6	4	0	9	6	4	7	8	6	9	1	8	9	6	7	1	5	5	4	2	5	0	4	4	4	1	4	
96	132	75	98	196	95	124	36	159	120	126	92	120	72	124	132	121	73	67	83	94	117	139	99	47	77	93	136	149	105	92	57	91	143	108	49	42	71	137	141	77	115	50	87	93	28	183	70	119	116	113	74	67	108	82	97	31	106	48	120	67	63	49	68	44	28	121	79	74	84	157	104	101	80	106	126	100	75	108	96	96	95	84	84	76	107	128	51	94	97	66	41	71	
31	61	32	41	71	43	61	27	59	73	49	71	55	26	45	56	48	59	35	39	32	44	65	37	34	34	32	43	91	46	30	26	44	74	54	34	10	46	79	66	58	30	32	71	58	42	62	28	37	42	52	54	24	33	94	76	52	77	44	84	37	24	30	44	18	22	69	26	34	37	62	67	31	37	51	58	54	36	38	27	28	66	36	55	36	38	41	49	45	38	44	22	7	
660	781	487	511	1059	655	745	376	784	784	636	741	677	307	764	746	534	491	477	469	454	483	685	533	349	439	590	607	773	521	502	362	469	679	601	244	200	938	779	779	618	596	319	700	603	327	1183	435	712	747	847	458	490	458	494	816	1415	627	394	865	389	320	372	496	239	289	782	451	526	502	716	839	414	446	478	555	533	465	542	503	425	572	493	473	378	460	542	720	580	632	620	241	272	
12	24	5	27	40	27	37	14	33	31	20	24	27	8	27	18	14	8	16	10	16	16	34	9	6	13	19	10	19	9	9	5	10	9	16	9	2	26	20	32	20	13	5	10	8	3	61	27	41	23	20	11	11	11	18	8	19	16	7	12	11	6	3	8	2	6	8	30	15	24	38	19	11	12	15	15	16	15	21	20	16	13	16	14	14	14	13	8	14	15	6	9	4	
9	4	4	7	2	7	5	4	9	13	4	7	8	7	5	8	5	9	1	1	5	6	4	6	4	6	5	6	6	12	6	2	6	7	7	3	1	5	6	2	4	5	6	9	6	4	10	4	7	4	4	3	6	5	5	8	2	8	3	5	4	3	2	7	1	1	9	1	3	3	1	6	1	8	3	4	5	3	7	5	3	4	3	6	4	4	5	1	7	4	5	2	6	
4	15	5	9	21	9	11	3	18	19	6	12	12	4	8	5	8	5	6	10	3	6	12	9	5	7	10	13	6	9	5	1	4	7	7	8	0	11	14	10	12	7	2	9	5	3	17	6	14	7	8	3	6	3	9	5	6	5	3	5	7	2	3	1	2	1	9	10	6	12	16	11	4	5	8	14	8	4	11	3	6	8	4	5	5	5	14	3	8	8	5	2	0	
12	27	6	14	20	17	16	4	25	22	2	13	20	4	19	14	11	9	7	5	9	12	9	6	4	9	8	8	11	7	12	2	13	16	2	1	2	2	8	3	10	10	5	10	8	4	20	13	16	11	8	5	4	4	6	5	8	5	4	7	3	6	6	5	2	0	4	12	6	13	9	12	9	5	14	10	12	4	9	8	5	9	8	6	7	6	6	6	7	5	1	3	0	
