"УИК №951"	"УИК №952"	"УИК №953"	"УИК №954"	"УИК №955"	"УИК №956"	"УИК №957"	"УИК №958"	"УИК №959"	"УИК №960"	"УИК №961"	"УИК №962"	"УИК №963"	"УИК №964"	"УИК №965"	"УИК №966"	"УИК №967"	"УИК №968"	"УИК №969"	"УИК №970"	"УИК №971"	"УИК №972"	"УИК №973"	"УИК №974"	"УИК №975"	"УИК №976"	"УИК №977"	"УИК №978"	"УИК №979"	"УИК №980"	"УИК №981"	"УИК №982"	"УИК №983"	"УИК №984"	"УИК №985"	"УИК №986"	"УИК №987"	"УИК №988"	"УИК №989"	"УИК №990"	"УИК №991"	"УИК №992"	"УИК №993"	"УИК №994"	"УИК №995"	"УИК №996"	"УИК №997"	"УИК №998"	"УИК №999"	"УИК №1000"	"УИК №1001"	"УИК №1002"	"УИК №1003"	"УИК №1004"	"УИК №1005"	"УИК №1006"	"УИК №1007"	"УИК №1008"	"УИК №1009"	"УИК №1010"	"УИК №1011"	"УИК №1012"	"УИК №1013"	"УИК №1014"	"УИК №1015"	"УИК №1016"	
2020	1514	1676	1530	947	1011	974	965	1372	455	1707	2006	1558	1147	1515	1728	1648	1783	1260	1086	754	1121	1440	341	837	1195	112	592	797	306	1803	462	447	495	236	460	539	332	279	543	242	356	283	150	393	75	1340	1548	634	2273	740	235	289	941	369	322	1278	393	398	165	881	212	828	704	1544	157	
1826	1373	1589	1393	859	932	889	909	1304	415	1585	1882	1400	1049	1389	1580	1428	1626	1158	1018	698	1048	1327	310	775	1236	104	557	732	294	1643	460	391	473	230	448	556	297	252	523	222	325	257	140	367	65	1205	1369	578	2083	672	237	265	875	319	291	1182	352	379	158	832	199	812	650	1427	144	
0	0	0	0	0	0	0	0	0	0	0	0	0	0	0	0	0	0	0	0	0	0	0	0	0	0	0	0	0	0	0	0	0	0	0	0	0	0	0	0	0	0	0	0	0	0	0	0	0	0	0	0	0	0	0	0	0	0	0	0	0	0	0	0	0	0	
1050	645	715	698	397	415	459	423	620	208	821	937	638	491	947	740	697	820	554	502	350	535	584	300	645	867	90	414	675	194	875	257	233	243	173	362	420	159	154	393	169	243	137	89	290	40	991	816	270	1145	515	201	211	688	297	205	936	256	229	114	691	165	633	542	694	102	
122	59	51	55	66	78	50	62	94	49	48	81	41	102	68	124	151	49	339	45	15	62	65	0	40	93	0	63	44	51	152	38	38	56	35	39	40	21	48	33	26	40	53	35	27	20	97	85	20	62	77	0	28	94	9	9	90	17	28	28	48	10	54	72	183	8	
654	669	823	640	396	439	380	424	590	158	716	864	721	456	372	716	580	757	265	471	333	451	678	10	90	276	14	80	13	49	616	165	120	174	22	47	96	117	50	97	27	42	67	16	50	5	117	468	288	876	80	36	26	93	13	77	156	79	122	16	93	24	125	36	550	34	
122	59	51	55	66	78	50	62	94	49	48	81	41	102	68	124	151	49	339	45	15	62	65	0	40	93	0	63	44	51	152	38	38	56	35	39	40	21	48	33	26	40	53	35	27	20	97	85	20	62	77	0	28	94	9	9	90	17	28	28	48	10	54	72	183	8	
1048	645	715	698	397	415	459	423	620	208	821	937	638	491	946	740	697	820	554	502	350	535	584	300	645	867	90	414	675	194	875	257	233	243	173	362	420	159	154	393	169	243	137	89	290	40	991	816	270	1145	515	201	211	686	297	205	936	256	229	114	691	165	633	542	694	102	
16	4	9	11	7	5	15	7	8	4	10	12	8	1	8	12	7	9	8	9	3	8	5	0	3	6	0	1	1	0	12	2	1	3	0	1	4	0	0	3	0	0	0	0	1	0	9	0	6	20	6	2	3	2	0	0	2	1	0	0	0	0	2	0	6	0	
1154	700	757	742	456	488	494	478	706	253	859	1006	671	592	1006	852	841	860	885	538	362	589	644	300	682	954	90	476	718	245	1015	293	270	296	208	400	456	180	202	423	195	283	190	124	316	60	1079	901	284	1187	586	199	236	778	306	214	1024	272	257	142	739	175	685	614	871	110	
0	0	0	0	0	0	0	0	0	0	0	0	0	0	2	0	0	0	0	0	0	0	0	0	0	0	0	0	0	0	0	0	0	0	0	0	0	0	0	0	0	0	0	0	0	0	0	0	0	0	0	0	0	0	0	0	0	0	0	0	0	0	0	0	0	0	
0	0	0	0	0	0	0	0	0	0	0	0	0	0	0	0	0	0	0	0	0	0	0	0	0	0	0	0	0	0	0	0	0	0	0	0	0	0	0	0	0	0	0	0	0	0	0	0	0	0	0	0	0	0	0	0	0	0	0	0	0	0	0	0	0	0	

9	4	4	7	6	0	1	2	1	2	10	11	4	3	4	6	8	5	2	3	3	3	5	0	1	0	0	1	3	1	4	1	1	3	0	0	0	1	1	2	1	5	3	2	0	1	4	6	1	2	2	1	2	4	1	1	1	0	2	0	2	0	0	0	4	0	
161	95	119	125	71	62	52	75	73	30	141	165	107	85	163	134	117	117	94	73	57	99	87	8	41	109	2	30	36	33	151	20	35	27	20	35	18	22	4	45	7	18	19	1	11	11	98	228	39	165	26	8	9	57	6	8	98	39	25	6	48	12	39	37	143	12	
79	60	56	81	29	50	44	42	62	20	54	69	64	35	64	69	60	70	47	37	23	30	49	9	45	54	2	23	35	14	82	28	24	29	10	22	36	11	13	29	13	8	13	3	14	5	67	48	12	78	23	6	18	32	19	7	34	10	20	4	54	7	38	10	54	15	
868	516	550	516	335	362	381	338	551	194	625	729	479	462	741	619	634	639	730	407	265	436	487	283	591	775	85	405	639	197	755	238	203	233	176	338	395	140	182	335	172	245	150	117	287	43	893	592	226	919	527	183	201	678	272	193	881	221	206	130	618	152	599	561	649	80	
15	10	11	5	0	4	7	2	4	3	12	10	3	0	17	13	11	12	5	6	7	6	5	0	2	4	0	4	1	0	13	1	1	1	0	2	2	0	1	3	0	1	2	0	0	0	3	4	1	8	5	0	5	1	0	0	7	0	2	0	4	0	1	2	3	2	
12	9	10	4	4	8	4	8	7	1	9	7	3	7	6	6	7	11	2	5	4	8	6	0	0	5	1	11	1	0	7	2	4	2	2	2	5	6	1	6	1	3	3	0	2	0	10	11	5	4	3	0	0	5	2	3	2	0	1	2	10	1	2	4	12	0	
2	4	3	3	5	0	3	7	6	1	8	10	9	0	7	2	1	3	5	5	2	3	3	0	1	6	0	1	3	0	1	2	1	1	0	1	0	0	0	3	1	1	0	0	2	0	3	9	0	6	0	0	0	0	6	0	0	2	1	0	1	3	1	0	5	1	
8	2	4	1	6	2	2	4	2	2	0	5	2	0	4	3	3	3	0	2	1	4	2	0	1	1	0	1	0	0	2	1	1	0	0	0	0	0	0	0	0	2	0	1	0	0	1	3	0	5	0	1	1	1	0	2	1	0	0	0	2	0	5	0	1	0	
