"УИК №1242"	"УИК №1243"	"УИК №1244"	"УИК №1245"	"УИК №1246"	"УИК №1247"	"УИК №1248"	"УИК №1249"	"УИК №1250"	"УИК №1251"	"УИК №1252"	"УИК №1253"	"УИК №1254"	"УИК №1255"	"УИК №1256"	"УИК №1257"	"УИК №1258"	"УИК №1259"	"УИК №1260"	"УИК №1261"	"УИК №1262"	"УИК №1263"	"УИК №1264"	"УИК №1265"	"УИК №1266"	"УИК №1267"	"УИК №1268"	"УИК №1269"	"УИК №1270"	"УИК №1271"	"УИК №1272"	"УИК №1273"	"УИК №1274"	"УИК №1275"	"УИК №1276"	"УИК №1277"	"УИК №1278"	"УИК №1279"	"УИК №1280"	"УИК №1281"	"УИК №1282"	"УИК №1283"	"УИК №1284"	"УИК №1285"	"УИК №1286"	"УИК №1287"	"УИК №1288"	"УИК №1289"	"УИК №1290"	"УИК №1291"	"УИК №1292"	"УИК №1293"	"УИК №1294"	"УИК №1295"	"УИК №1296"	"УИК №1297"	"УИК №1298"	"УИК №1299"	"УИК №1300"	"УИК №1301"	"УИК №1302"	"УИК №1303"	"УИК №1304"	"УИК №1305"	"УИК №1306"	"УИК №1307"	"УИК №1308"	"УИК №1309"	"УИК №1310"	"УИК №1311"	"УИК №1312"	"УИК №1313"	"УИК №1314"	"УИК №1315"	"УИК №1316"	"УИК №1317"	"УИК №1318"	"УИК №1319"	"УИК №1322"	"УИК №1323"	"УИК №1324"	"УИК №1822"	"УИК №1823"	"УИК №2649"	"УИК №2650"	"УИК №2651"	
1244	1715	2212	1653	2343	2843	2356	2221	2556	2392	2484	2600	2644	2807	1074	1168	2521	2257	2118	2056	2083	1891	1846	1520	1398	2281	2245	2414	2416	2587	2272	2168	2116	2336	2675	1807	1705	2209	1150	1831	2089	2397	1545	1795	1917	1737	2390	2915	2196	2053	1037	1728	2576	2529	2253	2612	2621	2159	2167	2506	2375	2568	1957	2259	2267	2301	1980	586	2008	867	506	1031	568	3177	2172	351	508	596	2488	2380	2167	2680	2565	2124	1731	803	
1125	1600	2000	1550	2200	2700	2000	1900	2300	2300	2400	2400	2500	2600	1000	900	2000	2200	1900	1900	2000	1800	1800	1400	1100	2200	2100	2300	2300	2400	2200	2100	2100	2300	2600	1700	1700	2200	1100	1800	2000	2000	1400	1700	1900	1700	2300	2600	2100	1900	800	1500	2400	2400	2100	2500	2600	2100	2100	2400	2300	2500	1900	2100	2200	2200	1800	500	1700	750	800	1050	700	2500	2000	500	600	600	2200	2200	2000	2600	2400	1750	1500	775	
0	0	0	0	0	0	0	0	0	0	0	0	0	0	0	0	0	0	0	0	0	0	0	0	0	0	0	0	0	0	0	0	0	0	0	0	0	0	0	0	0	0	0	0	0	0	0	0	0	0	0	0	0	0	0	0	0	0	0	0	0	0	0	0	0	0	0	0	0	0	0	0	0	0	0	0	0	0	0	0	0	0	0	0	0	0	
829	1069	1392	894	1389	1636	1414	1330	1531	1399	1414	1686	1621	1567	553	587	1362	1294	1151	1177	1178	970	1092	903	780	1406	1316	1439	1489	1491	1413	1258	1231	1403	1523	1036	881	1314	616	1141	1258	1451	927	1000	1138	958	1367	1849	1343	1238	625	995	1229	1570	1421	1593	1581	1061	1315	1524	1341	1480	1149	1365	1370	1373	1157	302	977	432	466	820	362	1811	1408	295	478	539	1438	1480	1186	1756	1587	1427	1010	526	
53	30	28	22	17	25	11	22	23	13	11	16	15	26	11	112	42	25	47	20	18	27	20	30	14	8	4	8	38	119	30	25	15	34	26	37	18	31	28	26	33	27	17	32	34	39	23	7	28	32	67	7	23	57	11	24	15	18	10	9	14	22	8	24	23	21	14	1	5	137	32	158	206	157	12	52	0	21	5	24	35	6	13	8	9	4	
243	501	580	634	794	1039	575	548	746	888	975	698	864	1007	436	201	596	881	702	703	804	803	688	467	306	786	780	853	773	790	757	817	854	863	1051	627	801	855	456	633	709	522	456	668	728	703	910	744	729	630	108	498	1148	773	668	883	1004	1021	775	867	945	998	743	711	807	806	629	197	718	181	302	72	132	532	580	153	122	40	757	696	779	838	800	315	481	245	
53	30	28	22	17	25	11	22	23	13	11	16	15	26	11	112	42	25	47	20	18	27	20	30	14	8	4	8	38	119	30	25	15	34	26	37	18	31	28	26	33	27	17	32	34	39	23	7	28	32	67	7	23	57	11	24	15	18	10	9	14	22	8	24	23	21	14	1	5	137	32	158	206	157	12	52	0	21	5	24	35	6	13	8	9	4	
829	1069	1392	894	1389	1636	1414	1329	1531	1399	1414	1683	1621	1567	553	587	1362	1293	1151	1177	1176	970	1092	902	780	1403	1315	1439	1489	1489	1413	1258	1229	1403	1521	1032	881	1313	616	1141	1258	1450	927	1000	1138	958	1367	1847	1342	1237	625	992	1229	1570	1421	1593	1581	1061	1315	1524	1341	1479	1149	1365	1369	1371	1157	302	976	432	466	820	362	1811	1408	295	478	539	1435	1480	1186	1756	1587	1426	1010	526	
13	11	20	17	10	18	26	28	21	20	16	17	15	31	10	8	15	12	12	14	11	12	9	8	11	17	23	14	18	15	19	15	11	19	23	11	9	11	4	15	13	11	12	12	9	7	12	15	13	14	5	21	25	11	24	13	21	10	15	17	20	25	12	14	18	20	11	2	8	3	16	24	4	23	19	4	14	15	17	22	16	23	17	16	13	5	
869	1088	1400	899	1396	1643	1399	1323	1533	1392	1409	1682	1621	1562	554	691	1389	1306	1186	1183	1183	985	1103	924	783	1394	1296	1433	1509	1593	1424	1268	1233	1418	1524	1058	890	1333	640	1152	1278	1466	932	1020	1163	990	1378	1839	1357	1255	687	978	1227	1616	1408	1604	1575	1069	1310	1516	1335	1476	1145	1375	1374	1372	1160	301	973	566	482	954	564	1945	1401	343	464	545	1423	1482	1205	1739	1583	1418	1006	525	
0	0	0	0	0	0	0	0	0	0	0	0	0	0	0	0	0	0	0	0	0	0	0	0	0	0	0	0	0	0	0	0	0	0	0	0	0	0	0	0	0	0	0	0	0	0	0	0	0	0	0	0	0	0	0	0	0	0	0	0	0	0	0	0	0	0	0	0	0	0	0	0	0	0	0	0	0	0	0	0	0	0	0	0	0	0	
0	0	0	0	0	0	0	0	0	0	0	0	0	0	0	0	0	0	0	0	0	0	0	0	0	0	0	0	0	0	0	0	0	0	0	0	0	0	0	0	0	0	0	0	0	0	0	0	0	0	0	0	0	0	0	0	0	0	0	0	0	0	0	0	0	0	0	0	0	0	0	0	0	0	0	0	0	0	0	0	0	0	0	0	0	0	

7	11	13	3	9	26	8	14	9	15	9	11	9	19	6	4	20	8	2	15	8	9	11	7	4	15	10	13	15	18	15	7	11	18	14	8	7	16	4	9	7	14	3	6	4	13	13	10	12	8	6	6	9	13	13	12	15	17	8	17	8	10	8	7	16	10	10	1	4	2	7	8	3	14	11	1	2	7	6	19	13	9	7	4	5	2	
111	126	197	100	184	171	168	180	143	156	161	181	148	177	59	88	153	120	137	107	138	108	134	106	98	162	179	132	152	149	142	108	131	157	171	129	100	133	63	124	146	145	110	118	131	103	144	199	146	156	62	92	118	188	172	184	190	107	162	168	130	177	120	152	132	151	132	23	123	34	53	102	52	263	209	38	22	7	185	201	132	199	200	159	121	56	
39	22	39	46	57	55	58	49	76	56	68	95	73	85	36	34	59	59	73	54	65	50	54	36	42	56	41	51	91	69	82	53	59	60	98	42	40	70	34	54	58	64	34	44	53	48	72	86	67	58	37	53	57	80	76	81	69	52	56	55	65	74	61	67	60	59	56	19	34	23	48	66	25	114	77	21	107	129	49	66	61	68	65	57	35	26	
598	781	977	617	978	1185	992	936	1164	1051	1042	1290	1247	1132	417	475	1009	968	882	925	880	711	806	676	570	1018	889	1057	1117	1203	1056	1004	919	1056	1115	769	674	988	502	859	939	1098	703	744	847	722	1012	1369	995	913	535	763	940	1199	1012	1174	1156	827	972	1157	1043	1099	879	1053	1062	1045	872	247	722	479	361	729	439	1427	981	264	233	327	1040	1064	899	1318	1185	1097	768	390	
61	65	85	61	92	111	100	70	54	51	64	45	70	63	15	35	57	61	40	31	38	37	40	42	30	62	80	91	61	59	63	35	50	55	56	46	38	57	15	50	50	67	38	43	53	48	61	83	49	49	22	36	50	67	60	74	53	26	47	54	34	48	36	42	47	45	43	5	53	7	6	20	21	68	57	8	86	62	74	64	35	79	70	51	42	32	
2	5	11	10	9	5	6	5	8	8	8	8	7	19	5	2	7	6	3	7	5	7	4	4	4	9	5	2	16	11	9	10	14	10	8	6	5	9	4	10	8	10	7	11	5	9	12	8	14	15	3	3	5	10	6	3	10	5	7	9	8	12	4	6	8	16	3	2	3	4	3	6	9	11	10	1	4	2	8	10	7	7	7	3	3	1	
25	14	24	24	22	28	21	31	27	17	15	15	21	16	8	23	25	27	21	22	14	17	12	16	9	18	31	41	21	30	22	18	15	21	27	15	10	17	7	16	26	27	14	12	25	19	23	32	26	20	10	9	23	24	26	21	34	16	19	25	20	22	11	13	18	15	21	2	17	10	2	10	8	19	31	2	5	7	28	19	19	26	22	19	19	7	
26	64	54	38	45	62	46	38	52	38	42	37	46	51	8	30	59	57	28	22	35	46	42	37	26	54	61	46	36	54	35	33	34	41	35	43	16	43	11	30	44	41	23	42	45	28	41	52	48	36	12	16	25	35	43	55	48	19	39	31	27	34	26	35	31	31	23	2	17	7	2	13	7	29	25	8	5	4	33	39	39	33	27	28	13	11	
