"УИК №703"	"УИК №704"	"УИК №705"	"УИК №706"	"УИК №707"	"УИК №708"	"УИК №709"	"УИК №710"	"УИК №711"	"УИК №712"	"УИК №713"	"УИК №714"	"УИК №715"	"УИК №716"	"УИК №717"	"УИК №718"	"УИК №719"	"УИК №720"	"УИК №721"	"УИК №722"	"УИК №723"	"УИК №724"	"УИК №725"	"УИК №726"	"УИК №727"	"УИК №728"	"УИК №729"	"УИК №730"	"УИК №731"	"УИК №732"	"УИК №733"	"УИК №734"	"УИК №735"	"УИК №736"	"УИК №737"	"УИК №738"	"УИК №739"	"УИК №740"	"УИК №741"	"УИК №742"	"УИК №743"	"УИК №744"	"УИК №745"	"УИК №746"	"УИК №747"	"УИК №748"	"УИК №749"	"УИК №750"	"УИК №751"	"УИК №752"	"УИК №753"	"УИК №754"	"УИК №755"	"УИК №756"	"УИК №757"	"УИК №758"	"УИК №759"	"УИК №760"	"УИК №761"	"УИК №762"	"УИК №946"	"УИК №947"	"УИК №948"	
2389	2329	2391	378	1075	1034	1458	2452	2684	2006	1223	2650	2860	2605	2560	2657	2096	3333	1925	2618	2457	1398	2018	2188	2761	2195	2440	2034	1810	1695	1706	1856	2498	2590	1794	1864	1891	1986	2624	2489	2458	1904	1983	1438	1231	1431	2832	1571	2483	1856	2683	2678	2748	2589	2500	2621	2102	2300	2394	3376	287	2024	1484	
2300	2100	2200	380	1078	900	1300	2300	2500	1900	1100	2500	2700	2500	2400	2400	1900	2800	1800	2500	2300	1200	1800	2000	2400	2000	2300	1900	1600	1500	1600	1700	2300	2500	1700	1700	1700	1800	2500	2300	2300	1700	1700	2200	1000	1200	2600	1200	2400	1600	2600	2600	2700	2500	2300	2400	2000	2000	2000	3100	289	1800	3000	
0	0	0	0	0	0	0	0	0	0	0	0	0	0	0	0	0	0	0	0	0	0	0	0	0	0	0	0	0	0	0	0	0	0	0	0	0	0	0	0	0	0	0	0	0	0	0	0	0	0	0	0	0	0	0	0	0	0	0	0	0	0	0	
1329	1304	1326	127	720	579	844	1526	1651	1112	661	1484	2214	1505	1588	1630	1282	1723	1200	1410	1273	733	1162	1055	1417	1195	1265	888	899	1043	860	1044	1468	1532	828	973	991	1150	1462	1396	1237	985	1028	1376	640	837	1547	917	1408	857	1618	1597	1502	1532	1422	1707	1229	1505	1400	2119	228	1132	1461	
59	48	64	251	354	24	48	37	63	32	54	122	26	80	75	79	58	28	36	79	52	25	47	64	177	84	87	82	90	55	85	62	41	49	63	76	87	56	94	84	51	82	53	62	34	51	56	58	36	182	35	72	48	32	42	20	18	13	23	31	58	19	23	
912	748	810	2	4	297	408	737	786	756	385	894	460	915	737	691	560	1049	564	1011	975	442	591	881	806	721	948	930	611	402	655	594	791	919	809	651	622	594	944	820	1012	633	619	762	326	312	997	225	956	561	947	931	1150	936	836	673	753	482	577	950	3	649	1516	
59	48	64	251	354	24	48	37	63	32	54	122	26	80	74	79	58	28	36	79	52	25	47	64	177	84	87	82	90	55	85	62	41	49	63	76	87	56	94	84	51	82	53	62	34	51	56	58	36	182	35	72	48	32	42	20	18	13	23	31	58	19	23	
1329	1304	1326	127	720	579	842	1520	1649	1110	661	1481	2210	1505	1587	1630	1281	1723	1200	1409	1272	733	1162	1055	1417	1195	1264	888	899	1043	860	1042	1468	1531	826	972	991	1149	1459	1393	1235	983	1028	1376	639	837	1545	917	1408	857	1618	1595	1501	1530	1421	1707	1229	1504	1400	2119	228	1132	1461	
13	10	14	1	12	10	17	19	23	20	8	25	54	21	15	30	18	16	13	18	17	13	17	9	22	13	15	9	16	7	4	14	12	17	11	9	13	13	13	17	19	15	8	17	13	5	16	11	20	9	23	21	18	14	18	22	17	14	14	16	3	16	15	
1375	1342	1376	377	1062	593	873	1538	1689	1122	707	1578	2182	1564	1646	1679	1321	1735	1223	1470	1307	745	1192	1110	1572	1266	1336	961	973	1091	941	1090	1497	1563	878	1039	1065	1192	1540	1460	1267	1050	1073	1421	660	883	1585	964	1424	1030	1630	1646	1531	1548	1445	1705	1230	1503	1409	2134	283	1135	1469	
0	0	0	0	0	0	0	0	0	0	0	0	0	0	0	0	0	0	0	0	0	0	0	0	0	0	0	0	0	0	0	0	0	0	0	0	0	0	0	0	0	0	0	0	0	0	0	0	0	0	0	0	0	0	0	0	0	0	0	0	0	0	0	
0	0	0	0	0	0	0	0	0	0	0	0	0	0	0	0	0	0	0	0	0	0	0	0	0	0	0	0	0	0	0	0	0	0	0	0	0	0	0	0	0	0	0	0	0	0	0	0	0	0	0	0	0	0	0	0	0	0	0	0	0	0	0	

13	16	14	6	5	6	5	19	12	9	5	13	7	15	13	15	19	10	3	14	9	5	7	6	6	12	14	17	5	9	7	9	17	14	7	10	2	6	19	11	14	13	6	18	5	8	15	8	19	9	13	12	14	15	10	14	10	9	12	9	1	7	12	
221	204	187	18	82	80	131	237	246	150	86	217	194	215	240	231	172	293	49	179	190	40	181	53	196	173	136	124	121	57	142	140	194	195	140	162	135	145	211	201	163	127	134	185	98	113	215	150	221	135	192	197	206	211	187	219	164	249	209	337	16	168	244	
81	87	92	12	44	47	44	74	98	77	45	85	186	78	91	99	66	70	22	79	73	8	78	16	116	73	85	74	49	35	60	78	74	71	73	59	52	84	95	86	96	50	56	82	32	50	87	62	108	57	100	84	84	81	71	92	71	77	70	102	12	59	108	
987	971	1016	319	909	435	639	1118	1246	839	539	1163	1683	1186	1189	1235	980	1275	1137	1127	1001	677	852	1017	1186	932	1043	690	752	961	685	813	1114	1190	610	758	814	898	1119	1101	945	800	822	1090	493	672	1182	695	1011	789	1238	1287	1165	1165	1118	1295	918	1111	1044	1555	235	835	1037	
22	29	27	13	8	11	19	29	36	17	15	30	71	17	40	36	34	40	2	25	16	3	28	6	28	21	23	21	16	11	19	15	38	30	12	22	20	18	35	23	21	24	16	14	11	13	32	15	23	18	26	17	23	34	24	35	27	36	24	49	8	31	29	
16	9	12	3	6	1	12	13	12	9	2	18	5	16	28	19	13	10	3	16	11	4	7	6	12	23	10	10	13	8	5	13	16	12	9	5	18	14	13	14	10	14	18	12	4	11	19	11	11	6	25	22	15	12	16	14	18	4	14	20	7	7	11	
11	9	11	2	4	6	7	20	11	12	3	18	18	18	16	18	13	15	4	14	6	1	17	3	14	10	12	7	3	4	9	9	17	22	10	10	6	7	19	9	11	11	10	9	4	9	16	8	10	9	17	11	13	13	5	19	9	7	18	26	1	14	13	
24	17	17	4	4	7	16	28	28	9	12	34	18	19	29	26	24	22	3	16	1	7	22	3	14	22	13	18	14	6	14	13	27	29	17	13	18	20	29	15	7	11	11	11	13	7	19	15	21	7	19	16	11	17	14	17	13	10	18	36	3	14	15	
