"УИК №2060"	"УИК №2061"	"УИК №2062"	"УИК №2063"	"УИК №2064"	"УИК №2065"	"УИК №2066"	"УИК №2067"	"УИК №2068"	"УИК №2069"	"УИК №2070"	"УИК №2071"	"УИК №2072"	"УИК №2073"	"УИК №2074"	"УИК №2075"	"УИК №2076"	"УИК №2077"	"УИК №2078"	"УИК №2079"	"УИК №2080"	"УИК №2081"	"УИК №2082"	"УИК №2083"	"УИК №2084"	"УИК №2085"	"УИК №2086"	"УИК №2087"	"УИК №2088"	"УИК №2089"	"УИК №2090"	"УИК №2091"	"УИК №2092"	"УИК №2093"	"УИК №2094"	"УИК №2095"	"УИК №2096"	"УИК №2097"	"УИК №2098"	"УИК №2099"	"УИК №2100"	"УИК №2101"	"УИК №2102"	"УИК №2103"	"УИК №2104"	"УИК №2105"	"УИК №2106"	"УИК №2107"	"УИК №2108"	"УИК №2109"	"УИК №2110"	"УИК №2111"	"УИК №2112"	"УИК №2113"	"УИК №2114"	"УИК №2115"	"УИК №2116"	"УИК №2117"	"УИК №2118"	"УИК №2119"	"УИК №2120"	"УИК №2121"	"УИК №2122"	"УИК №2123"	"УИК №2124"	"УИК №2125"	"УИК №2126"	
2054	2649	2204	2390	2394	2119	2455	2254	2415	2291	2262	2521	2374	2008	2059	2411	2056	2017	1688	1704	1517	2218	2359	2438	2294	1871	2160	2320	2398	2380	2218	2320	2024	2003	2329	2083	2368	2215	2265	1231	2283	1910	2423	2343	2269	2055	2320	2298	2302	2327	1733	1784	1757	2052	1178	1395	2369	2267	2436	2093	2130	2264	2309	2018	2243	1833	2123	
2100	2800	2400	2600	2500	2300	2700	2500	2500	2500	2500	2700	2500	2200	2200	2600	2300	2200	1800	1800	1500	2400	2500	2600	2500	2000	2400	2500	2600	2600	2400	2500	2300	2300	2500	2300	2600	2500	2500	1300	2500	2200	2500	2500	2500	2300	2500	2500	2500	2500	2000	2000	2000	2200	1300	1500	2500	2500	2800	2300	2400	2500	2500	2200	2500	2000	2300	
0	0	0	0	0	0	0	0	0	0	0	0	0	0	0	0	0	0	0	0	0	0	0	0	0	0	0	0	0	0	0	0	0	0	0	0	0	0	0	0	0	0	0	0	0	0	0	0	0	0	0	0	0	0	0	0	0	0	0	0	0	0	0	0	0	0	0	
1517	1974	1838	1864	1852	1635	1892	1817	1848	1870	1772	1927	1782	1546	1669	2024	1232	1590	1270	1275	879	1668	1782	1569	1880	1385	1698	1682	1692	1683	1723	1701	1298	1742	1658	1579	1974	1770	1585	779	1569	1484	1862	1828	1793	1588	1726	1577	1525	1755	1334	1437	1378	1605	883	1012	1775	1631	2230	1637	1606	1500	1693	1329	1712	1430	1690	
23	13	14	15	16	17	23	32	40	66	51	25	70	22	92	35	32	67	80	55	509	84	87	180	38	56	52	104	154	21	17	39	18	135	205	96	39	92	55	411	234	23	21	139	32	78	60	32	67	56	104	79	12	16	51	68	73	93	85	48	77	86	56	17	17	37	38	
560	813	548	721	632	648	785	651	612	564	677	748	648	632	439	541	1036	543	450	470	112	648	631	851	582	559	650	714	754	896	660	760	984	423	637	625	587	638	860	110	697	693	617	533	675	634	714	891	908	689	562	484	610	579	366	420	652	776	485	615	717	914	751	854	771	533	572	
23	13	14	15	16	17	23	32	40	66	51	25	70	22	92	35	32	67	80	55	509	84	87	180	38	56	52	104	154	21	17	39	18	135	205	96	39	92	55	411	234	23	21	139	32	78	60	32	67	56	104	79	12	16	51	68	73	93	85	48	77	86	56	17	17	37	38	
1517	1974	1838	1849	1852	1635	1892	1817	1848	1867	1772	1922	1782	1546	1669	2024	1232	1588	1270	1273	879	1668	1782	1569	1880	1383	1698	1682	1692	1683	1723	1701	1298	1742	1658	1579	1974	1770	1585	779	1569	1484	1862	1828	1793	1588	1726	1577	1525	1755	1334	1437	1378	1605	883	1012	1775	1631	2230	1637	1606	1500	1693	1329	1712	1430	1690	
11	23	3	22	33	6	2	5	26	6	14	24	0	11	7	5	32	18	0	5	9	5	25	39	10	16	16	5	107	18	10	3	31	41	6	15	0	4	5	17	3	5	29	0	0	2	7	3	0	17	0	3	12	18	4	13	19	28	26	10	15	12	9	35	1	15	25	
1529	1964	1849	1842	1835	1646	1913	1844	1862	1927	1809	1923	1852	1557	1754	2054	1232	1637	1350	1323	1379	1747	1844	1710	1908	1423	1734	1781	1739	1686	1730	1737	1285	1836	1857	1660	2013	1858	1635	1173	1800	1502	1854	1967	1825	1664	1779	1606	1592	1794	1438	1513	1378	1603	930	1067	1829	1696	2289	1675	1668	1574	1740	1311	1728	1452	1703	
0	0	0	0	0	0	0	0	0	0	0	0	0	0	0	0	0	0	0	0	0	0	0	0	0	0	0	0	0	0	0	0	0	0	0	0	0	0	0	0	0	0	0	0	0	0	0	0	0	0	0	0	0	0	0	0	0	0	0	0	0	0	0	0	0	0	0	
0	0	0	0	0	0	0	0	0	0	0	0	0	0	0	0	0	0	0	0	0	0	0	0	0	0	0	0	0	0	0	0	0	0	0	0	0	0	0	0	0	0	0	0	0	0	0	0	0	0	0	0	0	0	0	0	0	0	0	0	0	0	0	0	0	0	0	

13	25	1	3	7	33	14	60	22	10	32	15	7	3	5	10	10	3	10	17	0	5	14	20	19	10	31	3	10	11	21	24	10	9	31	73	19	7	170	24	15	14	7	94	28	0	2	7	15	19	32	15	10	22	8	22	55	12	8	33	33	8	8	14	1	35	7	
108	98	98	55	89	85	109	52	126	19	41	289	68	217	98	100	107	128	30	37	151	42	88	267	17	77	106	132	88	345	40	87	213	204	89	17	80	96	37	82	90	75	81	98	90	30	137	242	80	95	76	121	209	63	28	22	86	134	52	93	99	102	208	236	121	75	54	
35	45	45	25	33	50	65	21	87	32	79	101	65	34	42	16	24	27	15	25	7	79	27	85	122	28	23	25	62	90	64	70	61	92	26	48	15	52	13	26	54	14	67	20	31	44	55	48	45	41	7	19	40	29	40	32	55	40	26	35	35	79	64	44	28	44	68	
1178	1492	1478	1474	1463	1249	1495	1475	1421	1626	1397	1419	1489	1120	1472	1709	1041	1273	1080	1064	1104	1384	1477	1230	1488	1124	1352	1405	1371	1138	1366	1359	929	1455	1550	1342	1751	1454	1227	891	1406	1176	1425	1515	1478	1482	1394	1142	1275	1494	1121	1152	1050	1262	787	832	1414	1310	2066	1307	1268	1175	1381	935	1366	1132	1348	
8	32	35	51	12	34	28	71	23	15	53	44	21	3	7	3	18	9	4	15	10	21	13	56	17	12	15	14	9	40	20	30	29	19	16	2	4	30	22	5	17	45	55	0	7	26	2	24	15	18	62	10	9	18	18	16	18	34	18	17	17	5	10	33	19	19	26	
138	235	185	184	208	115	172	134	135	204	144	29	187	171	106	206	22	184	203	146	104	199	206	19	190	144	157	196	182	17	110	123	19	25	116	174	120	205	166	117	162	156	152	236	186	56	178	113	159	105	111	181	42	162	46	106	165	142	96	148	165	157	14	15	190	118	173	
3	18	6	7	10	45	18	15	30	10	38	12	5	6	14	6	3	8	4	12	1	5	10	16	24	13	28	3	9	25	70	16	12	15	8	2	10	5	0	14	36	2	48	2	2	11	9	14	2	8	23	5	10	10	1	16	18	17	8	28	32	9	30	20	2	10	12	
46	19	1	43	13	35	12	16	18	11	25	14	10	3	10	4	7	5	4	7	2	12	9	17	31	15	22	3	8	20	39	28	12	17	21	2	14	9	0	14	20	20	19	2	3	15	2	16	1	14	6	10	8	37	2	21	18	7	15	14	19	39	25	14	1	19	15	
