"УИК №1001"	"УИК №1002"	"УИК №1003"	"УИК №1004"	"УИК №1005"	"УИК №1006"	"УИК №1007"	"УИК №1008"	"УИК №1009"	"УИК №1010"	"УИК №1011"	"УИК №1012"	"УИК №1013"	"УИК №1014"	"УИК №1015"	"УИК №1016"	"УИК №1017"	"УИК №1018"	"УИК №1019"	"УИК №1020"	"УИК №1021"	"УИК №1022"	"УИК №1023"	"УИК №1024"	"УИК №1025"	"УИК №1026"	"УИК №1027"	"УИК №1028"	"УИК №1029"	"УИК №1030"	"УИК №1031"	"УИК №1032"	"УИК №1033"	"УИК №1034"	"УИК №1035"	"УИК №1036"	"УИК №1037"	"УИК №1038"	"УИК №1039"	"УИК №1040"	"УИК №1041"	"УИК №1042"	"УИК №1043"	"УИК №1044"	"УИК №1045"	"УИК №1046"	"УИК №1047"	"УИК №1048"	"УИК №1049"	"УИК №1050"	"УИК №1051"	"УИК №1052"	"УИК №1053"	"УИК №1054"	"УИК №1055"	"УИК №1056"	"УИК №1057"	"УИК №1058"	"УИК №1059"	"УИК №1060"	"УИК №1061"	"УИК №1062"	"УИК №1063"	"УИК №1064"	"УИК №1065"	"УИК №1066"	"УИК №1067"	"УИК №1068"	"УИК №1069"	"УИК №1070"	"УИК №1071"	"УИК №1072"	"УИК №1073"	"УИК №1074"	"УИК №1075"	"УИК №1076"	"УИК №1077"	"УИК №1078"	"УИК №1079"	"УИК №1080"	"УИК №1081"	"УИК №1082"	"УИК №1083"	"УИК №1084"	"УИК №1085"	"УИК №1086"	"УИК №1087"	"УИК №1088"	"УИК №1089"	"УИК №1090"	"УИК №1091"	"УИК №1092"	"УИК №1093"	"УИК №1094"	"УИК №1095"	"УИК №1096"	"УИК №1097"	"УИК №1098"	"УИК №1099"	"УИК №4001"	"УИК №4002"	"УИК №4003"	"УИК №4004"	"УИК №4005"	"УИК №4006"	"УИК №4007"	"УИК №4008"	"УИК №4009"	"УИК №4010"	"УИК №4011"	"УИК №4012"	"УИК №4013"	"УИК №4014"	"УИК №4015"	"УИК №4016"	"УИК №4017"	"УИК №4018"	"УИК №4019"	"УИК №4020"	
1853	1829	2352	2421	2259	2295	1288	1438	1415	1555	1463	1640	1858	1714	2176	2378	2533	2382	1930	2076	2024	2085	1934	2014	1946	2270	2135	1203	2285	1846	2019	1773	2987	2066	2345	1604	2113	2171	1112	1205	2341	1986	2599	1691	2012	3118	1705	1976	2563	2159	1533	1638	1100	1695	1796	2073	2093	2830	1834	2021	2099	2107	2141	1553	2115	2011	2011	1970	2162	1858	2250	2544	2431	2305	1969	2069	1968	2137	2144	2363	2273	1912	2257	2249	2027	2142	2094	2093	2049	2400	2371	2033	1898	2098	2068	2449	2236	2046	2394	1699	2214	2885	2387	1508	1474	2002	2454	2022	1915	1681	2465	2259	2289	567	485	505	1904	1280	230	
1800	1700	2100	2300	2150	2200	1200	1300	1300	1400	1300	1500	1800	1700	2100	2100	2200	2300	1800	2000	1900	1900	1800	1900	1800	2100	2000	1100	2000	1800	1900	1700	2800	2000	2100	1400	2000	2100	1000	1100	2100	1900	2500	1500	1900	2800	1600	1900	2400	2100	1500	1500	900	1500	1700	2000	2000	2650	1800	1900	2100	2000	1900	1500	2100	1900	1900	1900	2100	1800	2200	2300	2250	2200	1900	1900	1900	2000	2100	2300	2200	1800	2200	2200	1900	2000	2000	2000	1900	2200	2200	1900	1900	2000	1800	2300	2100	1900	2200	1600	2000	3900	2100	1400	1400	1900	2200	1900	1800	1500	2200	2000	2100	600	500	550	1400	1100	300	
0	0	0	0	0	0	0	0	0	0	0	0	0	0	0	0	0	0	0	0	0	0	0	0	0	0	0	0	0	0	0	0	0	0	0	0	0	0	0	0	0	0	0	0	0	0	0	0	0	0	0	0	0	0	0	0	0	0	0	0	0	0	0	0	0	0	0	0	0	0	0	0	0	0	0	0	0	0	0	0	0	0	0	0	0	0	0	0	0	0	0	0	0	0	0	0	0	0	0	0	0	0	0	0	0	0	0	0	0	0	0	0	0	0	0	0	0	0	0	
846	1013	1210	1171	1227	1290	616	679	724	769	734	791	1055	726	1159	1177	1439	1334	1113	1191	1159	1219	1169	1126	929	1151	1030	586	1050	730	1099	927	1896	1067	1064	822	1136	1099	540	573	1125	990	1381	703	992	1724	910	1103	1580	1173	719	816	617	989	1027	1180	1109	1824	886	1037	1105	1046	1131	783	1079	1135	1092	1137	1232	1060	1311	1574	1505	1287	1151	1151	1098	1247	1194	1402	1310	1071	1286	1312	1143	1270	1236	1247	1182	1440	1388	1124	1089	1269	1346	1132	1089	1151	1355	889	1273	1713	1593	735	749	1110	1401	1127	937	1003	1340	1473	1090	536	419	424	1007	672	185	
62	11	40	54	46	47	19	25	10	56	34	30	18	4	49	25	27	25	31	20	24	34	45	23	64	40	47	34	34	62	126	43	47	28	41	28	37	46	39	29	67	41	64	36	46	293	33	35	20	53	41	26	7	15	13	52	56	29	39	48	48	30	13	47	46	47	45	46	33	31	32	16	33	38	39	48	40	38	33	41	40	33	57	33	18	21	46	31	23	28	25	23	21	17	11	93	92	60	23	20	22	14	29	20	50	30	12	11	23	22	26	9	13	28	66	80	3	29	40	
892	676	850	1075	877	863	565	596	566	575	532	679	727	970	892	898	734	941	656	789	717	647	586	751	807	909	923	480	916	1008	675	730	857	905	995	550	827	955	421	498	908	869	1055	761	862	783	657	762	800	874	740	658	276	496	660	768	835	797	875	815	947	924	756	670	975	718	763	717	835	709	857	710	712	875	710	701	762	715	873	857	850	696	857	855	739	709	718	722	695	732	787	753	790	714	443	1075	919	689	822	691	705	2173	478	645	601	760	787	762	840	475	834	518	997	36	15	46	390	399	75	
62	11	40	54	46	47	19	25	10	56	34	30	18	4	49	25	27	25	31	20	24	34	45	23	64	40	47	34	34	62	126	43	47	28	41	28	37	46	39	29	67	41	64	36	46	293	33	35	20	53	41	26	7	15	13	52	56	29	39	48	48	30	13	47	46	47	45	46	33	31	32	16	33	38	39	48	40	38	33	41	40	33	57	33	17	21	46	31	23	28	25	23	21	17	11	93	92	60	23	20	22	14	29	20	50	30	12	11	23	22	26	9	13	28	66	80	3	29	40	
845	1012	1210	1171	1227	1290	616	679	724	768	734	791	1055	726	1159	1177	1439	1325	1112	1191	1159	1219	1169	1126	929	1151	1030	585	1050	730	1087	927	1895	1043	1064	822	1136	1096	540	573	1125	990	1381	703	992	1719	910	1103	1580	1173	719	816	617	989	1027	1180	1109	1823	886	1037	1105	1038	1131	783	1079	1135	1092	1137	1232	1060	1311	1574	1505	1287	1151	1150	1098	1247	1194	1402	1309	1070	1286	1312	1142	1270	1236	1245	1182	1440	1388	1124	1088	1269	1346	1132	1089	1151	1355	889	1273	1713	1593	735	749	1110	1401	1127	937	1003	1340	1473	1090	536	419	424	1006	672	185	
6	8	13	5	13	8	5	5	5	8	10	8	13	12	12	5	14	13	12	8	8	14	9	7	9	12	10	6	23	7	11	8	19	5	11	9	12	13	12	4	11	6	10	7	8	27	7	11	15	11	6	3	5	8	11	11	11	19	9	6	14	11	8	11	9	7	9	12	12	11	9	5	22	7	9	9	11	12	13	11	12	3	6	6	7	8	12	10	13	12	22	13	11	13	19	10	8	6	14	7	6	13	15	8	8	2	11	5	6	6	18	10	15	6	7	8	9	6	0	
901	1015	1237	1220	1260	1329	630	699	729	816	758	813	1060	718	1196	1197	1452	1337	1131	1203	1175	1239	1205	1142	984	1179	1067	613	1061	785	1202	962	1923	1066	1094	841	1161	1129	567	598	1181	1025	1435	732	1030	1985	936	1127	1585	1215	754	839	619	996	1029	1221	1154	1833	916	1079	1139	1057	1136	819	1116	1175	1128	1171	1253	1080	1334	1585	1516	1318	1181	1189	1127	1273	1214	1432	1337	1100	1337	1339	1152	1283	1270	1266	1192	1456	1391	1134	1098	1273	1338	1215	1173	1205	1364	902	1289	1714	1607	747	791	1138	1402	1133	954	1019	1348	1472	1088	558	478	496	1000	695	225	
0	0	0	0	0	0	0	0	0	0	0	0	0	0	0	0	0	0	0	0	0	0	0	0	0	0	0	0	0	0	0	0	0	0	0	0	0	0	0	0	0	0	0	0	0	0	0	0	0	0	0	0	0	0	0	0	0	0	0	0	0	0	0	0	0	0	0	0	0	0	0	0	0	0	0	0	0	0	0	0	0	0	0	0	0	0	0	0	0	0	0	0	0	0	0	0	0	0	0	0	0	0	0	0	0	0	0	0	0	0	0	0	0	0	0	0	0	0	0	
0	0	0	0	0	0	0	0	0	0	0	0	0	0	0	0	0	0	0	0	0	0	0	0	0	0	0	0	0	0	0	0	0	0	0	0	0	0	0	0	0	0	0	0	0	0	0	0	0	0	0	0	0	0	0	0	0	0	0	0	0	0	0	0	0	0	0	0	0	0	0	0	0	0	0	0	0	0	0	0	0	0	0	0	0	0	0	0	0	0	0	0	0	0	0	0	0	0	0	0	0	0	0	0	0	0	0	0	0	0	0	0	0	0	0	0	0	0	0	

9	6	15	10	7	8	6	7	5	9	5	8	13	2	10	10	12	10	8	11	9	3	14	20	1	7	10	2	9	11	13	8	16	7	11	8	10	7	11	5	5	8	7	7	5	15	10	15	12	10	12	4	6	4	7	4	12	18	6	9	6	6	8	7	11	7	10	8	17	5	7	6	14	17	10	8	16	9	12	13	9	8	10	16	8	13	14	8	13	8	8	14	12	9	18	6	8	6	10	9	17	7	9	8	6	8	8	4	9	3	5	14	14	3	4	3	3	3	0	
116	150	176	165	165	197	70	76	97	74	78	81	144	101	150	167	184	163	137	170	157	169	148	128	103	151	138	80	121	73	155	102	323	115	146	103	136	147	70	85	157	144	189	81	124	282	118	139	229	150	108	131	116	116	150	142	168	223	114	107	126	143	177	126	147	126	176	140	165	131	184	245	188	187	168	135	145	151	148	182	167	171	160	208	160	186	181	166	151	191	207	122	135	175	239	152	102	162	191	124	148	208	193	105	102	150	217	129	143	142	176	191	150	54	39	56	152	107	26	
58	28	61	76	91	67	38	45	46	33	43	63	50	48	64	85	85	80	58	76	68	81	49	54	38	64	53	44	78	50	58	62	97	61	64	54	61	64	30	19	55	43	59	50	62	112	31	55	60	48	42	23	23	43	35	67	48	96	49	55	38	58	48	51	51	57	43	55	62	57	52	70	64	44	60	64	58	58	43	70	75	37	65	60	45	48	52	61	54	58	61	48	59	49	74	50	69	70	62	36	50	79	73	39	34	45	42	40	27	56	60	50	59	22	18	17	54	38	16	
680	773	924	923	928	1010	489	540	545	664	600	629	806	537	932	883	1114	1010	868	885	888	943	939	884	834	904	815	452	797	610	927	748	1377	830	828	639	897	859	433	465	909	781	1109	565	799	1493	729	851	1180	940	566	631	429	769	764	939	872	1403	710	856	914	811	840	600	845	926	849	894	947	832	1026	1191	1151	993	891	920	861	1000	947	1089	1028	834	1050	999	867	972	948	981	921	1125	1032	897	835	978	921	974	965	929	1024	695	995	1353	1261	558	620	887	1049	891	729	772	1032	1130	818	459	403	408	748	524	176	
12	27	30	18	25	14	11	11	11	10	10	8	14	11	14	31	25	28	23	22	14	14	19	21	4	16	16	14	27	14	14	11	47	20	14	15	29	19	8	9	19	17	23	14	13	36	18	19	36	19	7	17	19	29	27	24	29	43	13	19	27	11	27	12	18	15	19	19	32	21	24	30	44	34	12	26	18	21	21	26	24	15	17	23	24	20	29	13	22	35	29	21	22	21	30	12	12	15	43	16	31	25	35	12	10	17	43	28	15	20	32	41	22	9	2	3	22	12	7	
7	6	8	13	13	12	6	7	5	12	16	13	13	9	10	6	10	15	13	11	15	12	15	6	1	8	8	9	6	9	12	9	19	9	5	1	10	10	7	7	11	10	11	5	13	13	3	19	10	13	4	12	4	4	11	15	10	10	4	8	10	4	5	8	12	15	15	23	10	14	9	13	16	6	10	12	9	6	14	15	10	8	7	8	17	7	10	17	7	8	15	6	8	8	8	5	6	7	5	6	9	10	10	11	7	12	7	4	9	4	10	13	6	7	6	2	3	2	0	
13	16	11	5	14	10	4	5	11	9	3	4	14	6	7	8	12	14	11	11	11	6	4	9	2	11	15	7	12	6	8	13	26	16	8	9	12	9	5	5	14	15	16	5	4	22	13	20	32	10	7	12	10	10	12	8	7	13	7	8	9	8	12	6	16	15	8	14	7	6	16	17	17	18	16	15	13	11	16	17	8	6	9	16	16	18	16	10	12	17	16	12	13	18	27	8	7	12	15	15	14	14	14	5	5	6	15	27	9	9	10	18	9	0	4	2	10	4	0	
6	9	12	10	17	11	6	8	9	5	3	7	6	4	9	7	10	17	13	17	13	11	17	20	1	18	12	5	11	12	15	9	18	8	18	12	6	14	3	3	11	7	21	5	10	12	14	9	26	25	8	9	12	21	23	22	8	27	13	17	9	16	19	9	16	14	8	18	13	14	16	13	22	19	14	9	7	17	13	20	16	21	19	9	15	19	20	10	12	14	23	14	14	15	21	8	4	4	14	1	25	18	12	9	7	13	21	10	13	13	23	15	10	4	2	5	8	5	0	
