"УИК №520"	"УИК №521"	"УИК №522"	"УИК №523"	"УИК №524"	"УИК №525"	"УИК №526"	"УИК №527"	"УИК №528"	"УИК №529"	"УИК №530"	"УИК №531"	"УИК №532"	"УИК №533"	"УИК №534"	"УИК №535"	"УИК №536"	"УИК №537"	"УИК №538"	"УИК №539"	"УИК №540"	"УИК №541"	"УИК №542"	"УИК №543"	"УИК №544"	"УИК №545"	"УИК №546"	"УИК №547"	"УИК №548"	"УИК №549"	"УИК №550"	"УИК №551"	"УИК №552"	"УИК №553"	"УИК №554"	"УИК №555"	"УИК №556"	"УИК №557"	"УИК №558"	"УИК №559"	"УИК №560"	"УИК №561"	"УИК №562"	"УИК №563"	"УИК №564"	"УИК №565"	"УИК №566"	"УИК №567"	"УИК №568"	"УИК №569"	"УИК №570"	"УИК №571"	"УИК №572"	"УИК №573"	"УИК №574"	"УИК №575"	"УИК №576"	"УИК №577"	"УИК №578"	"УИК №579"	"УИК №580"	"УИК №581"	"УИК №582"	"УИК №583"	"УИК №584"	"УИК №585"	"УИК №586"	"УИК №587"	"УИК №588"	"УИК №589"	"УИК №590"	"УИК №591"	"УИК №592"	"УИК №593"	"УИК №594"	"УИК №595"	"УИК №596"	"УИК №597"	"УИК №598"	"УИК №599"	"УИК №600"	"УИК №601"	"УИК №602"	"УИК №603"	"УИК №604"	"УИК №605"	"УИК №606"	"УИК №607"	"УИК №608"	"УИК №609"	"УИК №610"	"УИК №611"	"УИК №1255"	
1250	842	867	1292	1069	1201	1035	1061	1211	787	1833	1413	1335	2017	1356	858	2097	1910	2958	938	945	1102	1276	1177	1340	1097	2233	2020	1417	1748	1922	1410	2090	853	1199	784	1485	670	1159	395	830	1096	824	1839	1532	1063	1319	319	487	662	208	492	314	596	151	172	235	233	130	312	251	127	920	274	180	172	218	697	118	374	386	690	128	208	584	1420	478	206	145	588	1720	426	382	113	165	913	670	523	144	691	376	565	256	
1200	850	900	1300	1000	1200	1000	1000	1200	800	1800	1400	1300	2000	1300	900	2000	1800	2600	900	950	1100	1300	1100	1300	1100	2000	2000	1400	1700	1900	1400	2000	850	1200	770	1500	670	1100	412	870	1100	840	1700	1500	1000	1300	341	500	670	209	490	324	615	168	175	283	243	156	316	299	130	950	291	192	183	247	745	121	389	435	730	151	236	641	1500	540	218	145	660	1700	463	407	128	172	920	700	537	153	730	405	580	300	
0	0	0	0	0	0	0	0	0	0	0	0	0	0	0	0	0	0	0	0	0	0	0	0	0	0	0	0	0	0	0	0	0	0	0	0	0	0	0	0	0	0	0	0	0	0	0	0	0	0	0	0	0	0	0	0	0	0	0	0	0	0	0	0	0	0	0	0	0	0	0	0	0	0	0	0	0	0	0	0	0	0	0	0	0	0	0	0	0	0	0	0	0	
788	559	498	783	650	703	640	618	794	463	1103	826	848	1184	885	591	1349	1285	1961	659	633	694	846	783	833	677	1502	1418	980	1152	1295	1016	1491	476	633	525	986	410	746	198	475	595	391	1059	1060	685	909	192	421	515	113	248	246	490	38	97	186	168	98	226	179	76	533	157	106	135	145	499	84	285	258	554	46	168	451	1078	382	148	116	479	1199	243	274	69	113	541	496	312	108	506	248	376	256	
48	85	57	81	35	99	42	106	64	51	88	56	95	62	59	119	107	47	43	17	23	88	64	10	44	66	34	32	19	16	25	9	14	59	136	19	59	67	58	81	46	70	140	135	54	45	50	67	57	62	86	95	58	74	108	58	30	59	28	40	58	48	122	90	57	26	55	46	26	63	83	95	76	32	92	138	56	53	28	109	39	118	70	22	23	89	124	81	31	146	107	127	0	
364	206	345	436	315	398	318	276	342	286	609	518	357	754	356	190	544	468	596	224	294	318	390	307	423	357	464	550	401	532	580	375	495	315	431	226	455	193	296	133	349	435	309	506	386	270	341	82	22	93	10	147	20	51	22	20	67	16	30	50	62	6	295	44	29	22	47	200	11	41	94	81	29	36	98	284	102	17	1	72	462	102	63	37	36	290	80	144	14	78	50	77	44	
48	85	57	81	35	99	42	106	64	51	88	56	95	62	59	119	107	47	43	17	23	88	64	10	44	66	34	32	19	16	25	9	14	59	136	19	59	67	58	81	46	70	140	135	54	45	50	67	57	62	86	95	58	74	108	58	30	59	28	40	58	48	122	90	57	26	55	46	26	63	83	95	76	32	92	138	56	53	28	109	39	118	70	22	23	89	124	81	31	146	107	127	0	
788	559	498	783	650	703	640	618	794	463	1103	826	848	1184	885	591	1349	1285	1961	659	633	694	846	783	833	677	1502	1418	980	1152	1295	1016	1491	476	633	525	986	410	746	198	475	594	391	1059	1060	685	909	192	421	515	113	248	246	490	38	97	186	168	98	226	179	76	533	157	106	135	145	499	84	285	258	554	46	168	451	1078	382	148	116	479	1199	243	274	69	113	541	496	312	108	506	248	376	256	
10	4	8	11	10	13	7	12	7	7	16	10	11	13	12	5	20	14	25	7	3	11	13	14	9	6	19	22	15	14	14	8	17	8	6	9	17	2	11	0	5	4	2	10	13	8	21	4	2	4	1	1	2	3	0	1	0	0	0	2	2	1	7	0	1	4	4	3	0	0	2	1	0	0	1	10	4	2	1	3	17	0	1	1	3	6	2	2	0	0	1	0	2	
826	640	547	853	675	789	675	712	851	507	1175	872	932	1233	932	705	1436	1318	1979	669	653	771	897	779	868	737	1517	1428	984	1154	1306	1017	1488	527	763	535	1028	475	793	279	516	660	529	1184	1101	722	938	255	476	573	198	342	302	561	146	154	216	227	126	264	235	123	648	247	162	157	196	542	110	348	339	648	122	200	542	1206	434	199	143	585	1221	361	343	90	133	624	618	391	139	652	354	503	254	
0	0	0	0	0	0	0	0	0	0	0	0	0	0	0	0	0	0	0	0	0	0	0	0	0	0	0	0	0	0	0	0	0	0	0	0	0	0	0	0	0	0	0	0	0	0	0	0	0	0	0	0	0	0	0	0	0	0	0	0	0	0	0	0	0	0	0	0	0	0	0	0	0	0	0	0	0	0	0	0	0	0	0	0	0	0	0	0	0	0	0	0	0	
0	0	0	0	0	0	0	0	0	0	0	0	0	0	0	0	0	0	0	0	0	0	0	0	0	0	0	0	0	0	0	0	0	0	0	0	0	0	0	0	0	0	0	0	0	0	0	0	0	0	0	0	0	0	0	0	0	0	0	0	0	0	0	0	0	0	0	0	0	0	0	0	0	0	0	0	0	0	0	0	0	0	0	0	0	0	0	0	0	0	0	0	0	

6	5	2	10	7	10	6	3	4	4	7	6	7	4	10	3	8	6	12	4	5	5	7	8	6	3	10	13	3	6	12	8	8	5	4	1	11	4	6	2	5	7	4	9	12	3	3	0	0	0	1	3	1	1	1	0	0	0	0	0	0	1	3	0	1	0	0	2	0	1	1	1	0	0	2	2	2	0	0	0	12	1	3	1	2	6	2	0	0	0	1	1	2	
144	78	59	111	94	91	74	112	137	70	174	154	120	156	117	120	183	194	341	130	118	123	142	101	138	110	188	225	122	176	194	146	237	63	91	73	119	64	97	39	61	76	65	185	143	69	126	14	37	60	13	41	27	18	16	10	21	9	5	33	24	15	114	17	29	6	12	52	6	16	41	125	4	6	60	130	42	14	10	37	199	33	25	13	30	73	69	32	6	83	19	43	16	
62	19	42	52	40	54	53	44	46	33	86	80	56	86	42	41	74	79	127	34	43	35	47	42	53	40	99	91	46	89	77	58	101	30	48	42	73	34	53	21	44	45	35	94	53	26	50	10	19	42	16	27	21	29	4	10	15	6	4	15	21	2	37	17	5	10	14	42	16	41	13	33	3	8	55	76	26	0	7	27	73	10	18	11	7	44	26	15	3	29	8	13	22	
591	508	430	639	511	608	524	531	640	376	864	612	710	952	741	525	1115	999	1427	468	468	583	670	617	651	558	1166	1053	788	845	980	773	1089	420	599	404	798	363	615	214	398	515	405	872	868	602	730	229	415	463	164	264	244	506	123	130	174	210	116	210	188	105	481	209	127	141	163	432	88	286	276	474	115	182	414	986	357	185	125	514	908	313	295	65	91	485	517	336	129	531	324	443	209	
6	11	4	14	11	4	5	8	7	7	14	10	16	8	5	5	26	17	35	9	6	11	16	5	8	7	20	17	11	21	16	9	24	3	9	7	12	2	5	0	3	8	6	5	13	9	12	0	2	3	2	1	0	1	1	1	3	0	1	0	0	0	8	2	0	0	1	4	0	0	3	5	0	2	3	3	1	0	1	2	12	0	1	0	2	9	2	3	0	3	1	2	1	
6	4	5	11	7	13	8	10	6	12	19	2	10	13	11	5	17	6	18	9	6	7	5	2	4	8	13	14	5	10	12	7	10	4	3	6	4	5	9	1	3	2	8	12	5	7	10	1	1	2	1	2	5	1	1	3	3	1	0	3	1	0	2	2	0	0	1	6	0	3	2	5	0	0	4	4	4	0	0	1	6	4	0	0	0	3	1	4	0	4	0	1	4	
6	9	4	9	3	5	1	1	5	4	5	5	7	8	2	4	9	14	11	5	1	1	4	1	5	6	12	9	5	6	8	11	8	2	4	1	7	1	4	2	2	2	0	3	5	4	3	0	1	3	1	1	2	4	0	0	0	1	0	1	1	0	2	0	0	0	4	4	0	1	1	4	0	0	2	2	2	0	0	4	6	0	0	0	0	1	1	1	1	0	0	0	0	
5	6	1	7	2	4	4	3	6	1	6	3	6	6	4	2	4	3	8	10	6	6	6	3	3	5	9	6	4	1	7	5	11	0	5	1	4	2	4	0	0	5	6	4	2	2	4	1	1	0	0	3	2	1	0	0	0	0	0	2	0	0	1	0	0	0	1	0	0	0	2	1	0	2	2	3	0	0	0	0	5	0	1	0	1	3	0	0	0	2	1	0	0	
