"УИК №270"	"УИК №271"	"УИК №272"	"УИК №273"	"УИК №274"	"УИК №275"	"УИК №276"	"УИК №277"	"УИК №278"	"УИК №279"	"УИК №280"	"УИК №281"	"УИК №282"	"УИК №283"	"УИК №284"	"УИК №285"	"УИК №286"	"УИК №287"	"УИК №288"	"УИК №289"	"УИК №290"	"УИК №291"	"УИК №292"	"УИК №293"	"УИК №294"	"УИК №295"	"УИК №296"	"УИК №297"	"УИК №298"	"УИК №299"	"УИК №300"	"УИК №301"	"УИК №302"	"УИК №303"	"УИК №304"	"УИК №305"	"УИК №306"	"УИК №307"	"УИК №308"	"УИК №309"	"УИК №310"	"УИК №311"	"УИК №312"	"УИК №313"	"УИК №314"	"УИК №315"	"УИК №316"	"УИК №317"	"УИК №318"	"УИК №319"	"УИК №320"	"УИК №321"	"УИК №322"	"УИК №323"	"УИК №324"	"УИК №325"	"УИК №326"	"УИК №327"	"УИК №328"	"УИК №329"	"УИК №330"	"УИК №331"	"УИК №332"	"УИК №333"	"УИК №334"	"УИК №335"	"УИК №336"	"УИК №337"	"УИК №338"	"УИК №339"	"УИК №340"	"УИК №341"	"УИК №342"	"УИК №343"	
220	231	74	81	270	492	201	108	429	499	396	381	246	94	77	124	330	120	143	105	110	914	701	295	1341	1280	1612	1392	1599	1374	1504	209	186	230	265	747	585	894	955	858	404	500	166	404	340	117	264	217	181	923	951	1037	1327	876	197	89	383	467	220	432	145	92	859	1206	1097	701	50	98	624	65	513	1056	937	50	
220	250	75	70	250	460	190	116	370	450	350	370	240	100	80	120	310	120	140	100	90	760	600	300	1050	1050	1150	1050	1300	1050	1200	190	150	200	230	560	450	750	700	720	320	400	160	400	320	100	300	200	170	800	800	800	1120	650	180	80	300	370	220	420	140	90	750	920	900	700	50	95	500	60	470	930	800	50	
0	0	0	0	0	0	0	0	0	0	0	0	0	0	0	0	0	0	0	0	0	0	0	0	0	0	0	0	0	0	0	0	0	0	0	0	0	0	0	0	0	0	0	0	0	0	0	0	0	0	0	0	0	0	0	0	0	0	0	0	0	0	0	0	0	0	0	0	0	0	0	0	0	0	
164	168	64	59	192	306	135	91	271	357	215	339	185	74	58	85	230	87	120	96	63	559	398	139	786	844	846	802	990	752	809	139	117	168	203	445	383	556	542	555	269	295	113	307	257	89	225	163	131	568	611	625	779	539	130	68	209	269	144	350	117	62	613	810	742	493	41	71	413	40	339	648	608	45	
27	16	5	6	24	51	17	12	71	36	26	28	41	15	14	31	38	22	17	3	10	19	23	8	43	22	70	50	38	19	57	8	3	23	7	30	39	38	65	33	13	23	22	30	23	3	14	14	27	66	44	66	32	44	17	3	38	40	38	36	13	10	26	52	52	95	4	11	43	10	41	37	43	0	
29	66	6	5	34	103	38	13	28	57	109	3	14	11	8	4	42	11	3	1	17	182	179	153	221	184	234	198	272	279	334	43	30	9	20	85	28	156	93	132	38	82	25	63	40	8	61	23	12	166	145	109	309	67	33	9	53	61	38	34	10	18	111	58	106	112	5	13	44	10	90	245	149	5	
27	16	5	6	24	51	17	12	71	36	26	28	41	15	14	31	38	22	17	3	10	19	23	8	43	22	70	50	38	19	57	8	3	23	7	30	39	38	65	33	13	23	22	30	23	3	14	14	27	66	44	66	32	44	17	3	38	40	38	36	13	10	26	52	52	95	4	11	43	10	41	37	43	0	
164	168	64	59	192	306	135	91	271	357	215	339	185	74	58	85	230	87	120	96	63	559	398	139	786	844	846	802	990	752	809	139	117	168	203	445	383	556	542	555	269	295	113	307	257	89	225	163	131	568	611	625	779	539	130	68	209	269	144	350	117	62	613	810	742	493	41	71	413	40	339	635	608	45	
2	5	0	2	3	9	3	1	2	6	5	1	1	0	0	1	4	3	0	1	2	19	1	2	17	14	11	22	25	17	11	2	2	2	14	10	17	12	13	18	3	7	4	8	8	0	1	4	2	11	20	13	13	10	1	2	2	5	7	22	4	0	8	26	25	15	0	0	9	0	9	13	12	2	
189	179	69	63	213	348	149	102	340	387	236	366	225	89	72	115	264	106	137	98	71	559	420	145	812	852	905	830	1003	754	855	145	118	189	196	465	405	582	594	570	279	311	131	329	272	92	238	173	156	623	635	678	798	573	146	69	245	304	175	364	126	72	631	836	769	573	45	82	447	50	371	659	639	43	
0	0	0	0	0	0	0	0	0	0	0	0	0	0	0	0	0	0	0	0	0	0	0	0	0	0	0	0	0	0	0	0	0	0	0	0	0	0	0	0	0	0	0	0	0	0	0	0	0	0	0	0	0	0	0	0	0	0	0	0	0	0	0	0	0	0	0	0	0	0	0	0	0	0	
0	0	0	0	0	0	0	0	0	0	0	0	0	0	0	0	0	0	0	0	0	0	0	0	0	0	0	0	0	0	0	0	0	0	0	0	0	0	0	0	0	0	0	0	0	0	0	0	0	0	0	0	0	0	0	0	0	0	0	0	0	0	0	0	0	0	0	0	0	0	0	0	0	0	

0	1	0	1	0	3	0	0	2	1	0	1	0	0	1	1	1	0	1	0	0	2	2	0	3	3	0	4	2	3	3	0	0	2	0	1	3	6	8	3	0	1	0	2	0	0	0	2	2	3	5	6	2	3	0	1	2	1	2	0	0	0	1	6	3	5	0	0	4	0	3	3	1	0	
16	26	3	13	32	39	23	19	32	51	28	47	23	6	3	16	47	16	13	8	11	108	77	22	178	177	192	145	200	116	183	19	19	33	16	95	54	83	91	78	33	37	25	37	23	4	42	35	22	88	92	106	123	115	10	2	24	30	15	63	17	12	160	190	181	78	10	5	51	6	49	86	98	4	
16	19	9	5	5	31	11	15	46	37	24	13	28	7	8	16	8	5	19	14	9	58	60	20	57	87	98	73	97	83	80	25	7	26	20	49	35	56	58	61	34	23	18	30	31	12	9	13	12	77	81	67	110	63	14	6	22	27	20	56	5	9	71	79	90	62	2	4	38	0	44	75	56	1	
151	130	55	40	175	263	111	67	257	293	182	296	173	76	57	82	206	83	103	74	43	382	275	101	550	578	591	589	688	527	572	100	89	127	159	316	302	425	421	411	200	240	83	252	213	76	177	120	115	434	437	486	555	377	121	60	193	242	135	237	100	49	380	539	472	414	33	73	344	43	266	484	472	38	
3	3	1	1	1	6	2	1	0	1	0	8	0	0	3	0	0	1	1	1	0	3	0	0	8	1	5	4	6	13	6	1	0	0	0	1	6	2	4	6	6	6	5	4	1	0	4	2	1	6	3	6	4	4	0	0	2	0	1	3	3	0	6	6	12	8	0	0	2	0	4	7	3	0	
0	0	0	1	0	3	1	0	0	3	1	1	0	0	0	0	0	0	0	1	1	2	1	1	9	3	8	2	2	9	4	0	1	0	1	1	1	4	4	4	3	3	0	3	3	0	4	1	2	8	7	2	2	4	0	0	1	3	1	1	1	1	5	8	3	2	0	0	4	0	0	2	6	0	
3	0	1	1	0	1	0	0	2	0	1	0	0	0	0	0	2	1	0	0	0	4	5	1	7	1	5	4	4	1	2	0	1	1	0	1	2	5	5	4	2	1	0	1	0	0	0	0	1	4	5	1	1	4	1	0	0	0	1	2	0	0	1	7	6	2	0	0	1	0	2	2	1	0	
0	0	0	1	0	2	1	0	1	1	0	0	1	0	0	0	0	0	0	0	7	0	0	0	0	2	6	9	4	2	5	0	1	0	0	1	2	1	3	3	1	0	0	0	1	0	2	0	1	3	5	4	1	3	0	0	1	1	0	2	0	1	7	1	2	2	0	0	3	1	3	0	2	0	
