"УИК №688"	"УИК №689"	"УИК №690"	"УИК №691"	"УИК №692"	"УИК №693"	"УИК №694"	"УИК №695"	"УИК №696"	"УИК №697"	"УИК №698"	"УИК №699"	"УИК №700"	"УИК №701"	"УИК №702"	"УИК №703"	"УИК №704"	"УИК №705"	"УИК №706"	"УИК №707"	"УИК №708"	"УИК №709"	"УИК №710"	"УИК №711"	"УИК №712"	"УИК №713"	"УИК №714"	"УИК №715"	"УИК №716"	"УИК №717"	"УИК №718"	"УИК №719"	"УИК №720"	"УИК №721"	"УИК №722"	"УИК №723"	"УИК №724"	"УИК №725"	"УИК №726"	"УИК №727"	"УИК №728"	"УИК №729"	"УИК №730"	"УИК №731"	"УИК №732"	"УИК №733"	"УИК №734"	"УИК №735"	"УИК №736"	"УИК №737"	"УИК №738"	"УИК №739"	"УИК №740"	"УИК №741"	"УИК №742"	"УИК №743"	"УИК №744"	"УИК №745"	"УИК №746"	"УИК №747"	"УИК №748"	"УИК №749"	"УИК №750"	"УИК №751"	"УИК №752"	"УИК №753"	"УИК №754"	"УИК №755"	"УИК №756"	"УИК №757"	"УИК №758"	"УИК №759"	"УИК №760"	"УИК №761"	"УИК №1909"	"УИК №1932"	
2253	1872	1211	1915	2199	2302	2698	2420	2225	2458	2334	2185	1973	1494	1412	1718	2202	2873	2644	2229	2402	1194	1855	2394	3043	1129	1903	2206	2171	2011	891	647	2589	2292	1600	2769	2493	2718	1631	1998	1411	1785	2690	2371	1839	1655	1145	2301	3149	1387	2367	2067	2062	2522	2805	2876	1871	2927	2902	2121	1450	2345	1776	2720	2860	2402	1254	2678	2405	1274	2525	1542	2418	2566	661	37	
2000	1800	1200	1800	2100	2200	2700	2400	2200	2300	2200	2100	1900	1400	1400	1500	2100	2700	2500	2000	2400	1200	1800	2400	2700	1000	1900	2100	2100	1900	800	600	2400	2200	1600	2400	2300	2600	1500	1800	1300	1700	2400	2300	1700	1300	1000	2000	3000	1300	2200	2000	2000	2400	2700	2800	1500	2800	2700	2000	1300	2100	1600	2200	2900	2300	950	2400	2400	1200	2500	1400	2300	2500	800	100	
0	0	0	0	0	0	0	0	0	0	0	0	0	0	0	0	0	0	0	0	0	0	0	0	0	0	0	0	0	0	0	0	0	0	0	0	0	0	0	0	0	0	0	0	0	0	0	0	0	0	0	0	0	0	0	0	0	0	0	0	0	0	0	0	0	0	0	0	0	0	0	0	0	0	0	0	
1138	1074	694	1037	1039	1252	1392	1248	1153	1418	1093	1308	1227	872	766	1027	1185	1672	1429	1242	1252	686	1061	1275	1858	719	1117	1287	895	1184	524	281	1396	1331	962	1458	1291	1544	906	1019	844	1004	1635	1385	1037	1062	781	1419	1854	842	1541	1272	1216	1384	1476	1464	995	1748	1643	1232	843	1400	886	1413	1447	1262	705	1468	1276	642	1313	925	1369	1345	433	34	
109	28	21	28	32	25	66	38	28	28	137	11	15	5	20	12	24	19	28	24	28	17	15	29	15	8	10	13	17	20	12	3	45	13	15	265	141	30	31	22	9	21	31	34	30	11	5	32	52	22	80	32	12	91	29	17	8	35	40	40	18	43	20	119	23	45	195	32	42	7	26	22	34	36	211	0	
753	698	485	735	1029	923	1242	1114	1019	854	970	781	658	523	614	461	891	1009	1043	734	1120	497	724	1096	827	273	773	800	1188	696	264	316	959	856	623	677	868	1026	563	759	447	675	734	881	633	227	214	549	1094	436	579	696	772	925	1195	1319	497	1017	1017	728	439	657	694	668	1430	993	50	900	1082	551	1161	453	897	1119	156	66	
109	28	21	28	32	25	66	38	28	28	137	11	15	5	20	12	24	19	28	24	28	17	15	29	15	8	10	13	17	20	12	3	45	13	15	265	141	30	31	22	9	21	31	34	30	11	5	32	52	22	80	32	12	91	29	17	8	35	40	40	17	43	20	119	23	45	195	32	42	7	26	22	34	36	211	0	
1138	1074	694	1037	1039	1252	1392	1248	1153	1418	1093	1308	1226	872	766	1027	1185	1672	1429	1242	1252	686	1061	1273	1858	719	1117	1287	895	1184	524	281	1396	1331	962	1457	1290	1542	906	1019	844	1004	1635	1385	1037	1062	781	1419	1854	839	1541	1272	1216	1383	1476	1464	994	1737	1643	1232	843	1400	886	1396	1447	1262	705	1468	1275	641	1313	925	1365	1345	433	34	
8	10	9	11	11	7	8	9	8	23	16	10	12	11	7	17	9	17	6	10	10	5	14	14	23	9	5	7	17	16	5	2	14	10	10	13	8	14	11	10	10	14	13	14	8	10	11	18	12	11	16	17	23	5	7	15	47	16	14	7	5	13	12	0	10	8	13	9	12	7	14	20	7	15	10	1	
1239	1092	706	1054	1060	1270	1450	1277	1173	1423	1214	1309	1229	866	779	1022	1200	1674	1451	1256	1270	698	1062	1288	1850	718	1122	1293	895	1188	531	282	1427	1334	967	1709	1423	1558	926	1031	843	1011	1653	1405	1059	1063	775	1433	1894	850	1605	1287	1205	1469	1498	1466	955	1756	1669	1265	855	1430	894	1515	1460	1299	887	1491	1305	641	1325	927	1392	1366	634	33	
0	0	0	0	0	0	0	0	0	0	0	0	0	0	0	0	0	0	0	0	0	0	0	0	0	0	0	0	0	0	0	0	0	0	0	0	0	0	0	0	0	0	0	0	0	0	0	0	0	0	0	0	0	0	0	0	0	0	0	0	0	0	0	0	0	0	0	0	0	0	0	0	0	0	0	0	
0	0	0	0	0	0	0	0	0	0	0	0	0	0	0	0	0	0	0	0	0	0	0	0	0	0	0	0	0	0	0	0	0	0	0	0	0	0	0	0	0	0	0	0	0	0	0	0	0	0	0	0	0	0	0	0	0	0	0	0	0	0	0	0	0	0	0	0	0	0	0	0	0	0	0	0	

4	7	8	3	11	7	8	8	5	10	2	6	8	3	2	5	10	7	13	4	10	8	5	4	12	3	8	9	7	7	5	2	5	15	6	12	7	7	9	6	5	7	20	7	6	9	6	12	21	8	20	11	15	6	5	12	6	13	12	12	3	9	5	14	8	5	6	15	5	9	3	3	7	14	2	0	
225	189	104	170	149	233	216	219	223	239	174	240	208	136	126	194	221	303	253	252	208	133	204	256	358	151	202	234	155	203	86	50	262	249	160	339	273	267	161	188	183	211	305	303	163	221	154	279	364	170	263	242	247	259	246	240	147	326	291	235	162	256	156	247	269	206	134	268	209	110	225	174	222	247	76	8	
76	47	33	65	64	61	74	69	65	73	59	52	50	44	33	46	51	82	69	58	57	42	50	58	60	20	49	46	65	65	21	21	80	60	49	103	75	64	47	54	33	41	62	49	50	39	34	66	64	26	62	41	47	55	69	63	26	69	75	63	36	47	40	81	49	56	60	90	56	27	86	45	58	83	40	3	
890	812	531	784	786	922	1113	945	849	1052	939	949	894	643	585	730	871	1209	1072	892	958	484	744	901	1312	515	783	935	642	864	387	206	987	934	707	1168	1005	1143	674	735	572	701	1181	966	788	716	536	977	1288	575	1123	867	812	1085	1104	1073	717	1255	1185	875	621	1048	656	1105	1059	969	651	1055	979	465	961	661	1042	956	495	20	
20	21	10	15	22	22	16	12	19	20	21	21	29	13	14	20	25	25	21	14	14	15	17	28	56	16	33	23	13	21	15	0	36	38	23	34	26	27	18	29	26	27	35	32	20	34	22	48	64	23	53	47	38	19	21	37	21	40	59	39	18	24	15	32	33	30	15	23	26	17	17	20	25	28	7	1	
5	5	4	4	11	4	5	6	3	6	3	10	8	7	2	7	4	11	3	7	4	3	8	7	5	0	9	4	8	5	5	2	9	11	3	14	9	11	4	2	3	4	10	9	8	5	3	10	14	4	15	5	4	5	11	14	12	7	9	9	1	6	2	7	2	4	2	8	4	4	4	3	7	7	2	1	
8	3	5	4	7	10	5	7	3	9	6	9	10	10	3	6	9	15	12	4	8	6	10	9	22	6	10	14	2	7	5	0	25	10	6	17	14	18	4	9	6	4	12	18	10	12	6	21	17	16	17	18	16	7	14	11	14	14	17	16	6	14	7	8	13	8	4	14	7	2	8	5	7	10	9	0	
11	8	11	9	10	11	13	11	6	14	10	22	22	10	14	14	9	22	8	25	11	7	24	25	25	7	28	28	3	16	7	1	23	17	13	22	14	21	9	8	15	16	28	21	14	27	14	20	62	28	52	56	26	33	28	16	12	32	21	16	8	26	13	21	27	21	15	18	19	7	21	16	24	21	3	0	
