"УИК №182"	"УИК №183"	"УИК №184"	"УИК №185"	"УИК №186"	"УИК №187"	"УИК №188"	"УИК №189"	"УИК №190"	"УИК №191"	"УИК №192"	"УИК №193"	"УИК №194"	"УИК №195"	"УИК №196"	"УИК №197"	"УИК №198"	"УИК №199"	"УИК №200"	"УИК №201"	"УИК №202"	"УИК №203"	"УИК №204"	"УИК №205"	"УИК №206"	"УИК №207"	"УИК №208"	"УИК №209"	"УИК №210"	"УИК №211"	"УИК №212"	"УИК №213"	"УИК №214"	"УИК №215"	"УИК №216"	"УИК №217"	"УИК №218"	"УИК №219"	"УИК №220"	"УИК №221"	"УИК №222"	"УИК №223"	"УИК №224"	"УИК №225"	"УИК №226"	"УИК №227"	"УИК №228"	"УИК №229"	"УИК №232"	"УИК №233"	"УИК №234"	"УИК №235"	"УИК №236"	"УИК №237"	"УИК №238"	"УИК №239"	"УИК №240"	"УИК №1765"	
2359	2104	1463	2820	3030	3064	1928	504	1717	1192	1224	2220	1873	1059	2136	1561	1776	1606	1713	2267	982	2142	844	2350	1517	1306	2400	1575	1465	2010	2411	1745	2244	648	2667	1096	2459	2636	2807	2440	2903	2516	2162	2809	2673	2753	1887	2126	897	416	2143	2623	2404	2279	1699	1980	1572	491	
2100	1800	1350	2800	2800	2550	1750	400	1550	1200	1100	2100	1650	950	2000	1400	1600	1500	1750	2100	900	1800	700	2100	1350	1200	2300	1400	1350	1700	1950	1500	2150	600	2400	1000	2350	2450	2500	2100	2700	2300	2000	2600	2450	2450	1800	2000	1050	413	1850	2350	2100	2100	1350	1800	1400	495	
0	0	0	0	0	0	0	0	0	0	0	0	0	0	0	0	0	0	0	0	0	0	0	0	0	0	0	0	0	0	0	0	0	0	0	0	0	0	0	0	0	0	0	0	0	0	0	0	0	0	0	0	0	0	0	0	0	0	
2023	1216	862	1971	2510	2426	948	385	1491	994	1040	2058	1433	900	1840	1287	1444	1331	970	1185	623	1266	647	1291	1225	1030	2112	1277	1258	1493	1341	949	1852	375	2236	973	2177	2196	2296	1071	2613	1631	1754	2249	2290	2358	1661	1770	795	412	983	1269	1328	1839	979	1025	1091	490	
62	62	51	19	10	117	128	9	27	57	40	37	172	25	90	38	146	71	181	116	177	51	39	177	123	60	120	58	70	63	67	81	55	22	154	2	73	156	90	60	23	63	62	103	109	43	135	150	42	0	116	186	239	176	126	188	88	0	
15	522	437	810	280	7	674	6	32	149	20	5	45	25	70	75	10	98	599	799	100	483	14	632	2	110	68	65	22	144	542	470	243	203	10	25	100	98	114	969	64	606	184	248	51	49	4	80	213	1	751	895	533	85	245	587	221	5	
62	62	51	19	10	117	128	9	27	57	40	37	172	25	90	38	146	71	181	116	177	51	39	177	123	60	120	58	70	63	67	81	55	22	154	2	73	156	90	60	23	63	62	103	109	43	135	150	42	0	116	186	239	176	126	188	88	0	
2019	1210	860	1967	2504	2418	948	385	1479	994	1027	2053	1427	900	1833	1287	1441	1331	969	1185	620	1266	647	1290	1225	1025	2104	1270	1247	1482	1341	943	1845	375	2230	972	2173	2189	2287	1058	2606	1625	1750	2249	2290	2349	1658	1763	791	412	982	1267	1326	1839	969	1023	1079	490	
12	4	11	24	6	9	13	7	13	8	7	3	8	8	10	15	6	8	12	18	5	17	5	38	14	9	7	10	11	30	32	9	16	4	27	10	10	6	11	0	34	26	10	2	2	35	7	2	2	18	21	17	32	26	8	9	12	1	
2069	1268	900	1962	2508	2526	1063	387	1493	1043	1060	2087	1591	917	1913	1310	1581	1394	1138	1283	792	1300	681	1429	1334	1076	2217	1318	1306	1515	1376	1015	1884	393	2357	964	2236	2339	2366	1118	2595	1662	1802	2350	2397	2357	1786	1911	831	394	1077	1436	1533	1989	1087	1202	1155	489	
0	0	0	0	0	0	0	0	0	0	0	0	0	0	0	0	0	0	0	0	0	0	0	0	0	0	0	0	0	0	0	0	0	0	0	0	0	0	0	0	0	0	0	0	0	0	0	0	0	0	0	0	0	0	0	0	0	0	
0	0	0	0	0	0	0	0	0	0	0	0	0	0	0	0	0	0	0	0	0	0	0	0	0	0	0	0	0	0	0	0	0	0	0	0	0	0	0	0	0	0	0	0	0	0	0	0	0	0	0	0	0	0	0	0	0	0	

5	15	10	19	5	5	6	4	6	4	5	3	3	7	7	6	2	3	4	8	2	15	4	6	6	0	4	3	3	21	17	5	24	4	25	1	5	6	5	9	20	12	3	4	3	23	1	3	2	0	7	15	10	7	1	7	4	0	
101	228	150	389	129	87	103	43	76	67	68	13	73	21	112	238	74	65	145	188	44	181	64	109	104	101	110	63	61	202	190	173	238	52	337	41	104	122	135	181	316	105	92	153	110	235	86	67	24	4	207	281	233	21	146	186	121	24	
109	111	79	142	147	121	85	34	101	80	121	65	110	40	93	65	94	109	144	154	57	106	59	105	82	94	132	72	75	113	121	75	112	31	113	29	132	167	144	119	109	135	106	123	120	150	95	74	28	9	131	160	185	144	97	139	109	29	
1804	846	625	1300	2172	2260	814	290	1263	849	826	1987	1374	827	1652	955	1362	1173	817	876	665	921	534	1153	1109	851	1932	1146	1138	1093	973	677	1409	289	1738	842	1959	2006	2034	761	2039	1341	1536	2022	2113	1820	1537	1719	759	380	694	935	1048	1774	812	830	882	428	
15	27	17	55	25	16	19	4	21	12	16	8	17	11	5	18	20	11	8	22	9	36	13	28	9	8	19	13	14	28	29	30	47	4	64	35	15	9	23	19	46	27	17	17	24	61	31	27	6	0	14	20	27	19	13	19	7	4	
8	17	5	6	4	8	17	7	9	13	8	3	1	3	7	13	8	11	0	11	5	18	3	7	9	11	4	7	1	14	12	13	7	6	13	4	5	4	3	10	14	15	17	11	9	19	15	7	4	1	7	11	14	8	4	7	10	0	
10	8	7	21	3	6	12	3	7	11	8	3	2	1	3	6	9	11	8	12	5	10	1	12	7	7	3	7	3	16	19	14	16	4	29	5	6	4	4	8	26	10	17	7	9	17	6	7	3	0	8	6	7	6	7	7	9	1	
17	16	7	30	23	23	7	2	10	7	8	5	11	7	34	9	12	11	12	12	5	13	3	9	8	4	13	7	11	28	15	28	31	3	38	7	10	21	18	11	25	17	14	13	9	32	15	7	5	0	9	8	9	10	7	7	13	3	
