"УИК №313"	"УИК №314"	"УИК №315"	"УИК №316"	"УИК №317"	"УИК №318"	"УИК №319"	"УИК №320"	"УИК №321"	"УИК №322"	"УИК №323"	"УИК №324"	"УИК №325"	"УИК №326"	"УИК №327"	"УИК №328"	"УИК №329"	"УИК №330"	"УИК №331"	"УИК №332"	"УИК №333"	"УИК №334"	"УИК №335"	"УИК №336"	"УИК №337"	"УИК №338"	"УИК №339"	"УИК №340"	"УИК №341"	"УИК №342"	"УИК №343"	"УИК №344"	"УИК №345"	"УИК №346"	"УИК №347"	"УИК №348"	"УИК №349"	"УИК №350"	"УИК №351"	"УИК №352"	"УИК №353"	"УИК №354"	"УИК №355"	"УИК №356"	"УИК №357"	"УИК №358"	"УИК №359"	"УИК №360"	"УИК №361"	"УИК №362"	"УИК №363"	"УИК №364"	"УИК №365"	"УИК №366"	"УИК №367"	"УИК №368"	"УИК №369"	"УИК №370"	"УИК №371"	"УИК №372"	"УИК №373"	"УИК №374"	"УИК №375"	"УИК №376"	"УИК №377"	"УИК №378"	"УИК №379"	"УИК №380"	"УИК №381"	"УИК №382"	"УИК №383"	"УИК №384"	"УИК №385"	"УИК №386"	"УИК №387"	"УИК №388"	"УИК №389"	"УИК №390"	"УИК №391"	"УИК №392"	"УИК №393"	"УИК №394"	"УИК №395"	"УИК №396"	"УИК №397"	"УИК №398"	"УИК №399"	"УИК №400"	"УИК №401"	"УИК №402"	"УИК №403"	"УИК №404"	"УИК №405"	"УИК №406"	"УИК №407"	"УИК №408"	"УИК №409"	"УИК №410"	"УИК №411"	"УИК №412"	"УИК №413"	"УИК №414"	"УИК №415"	"УИК №416"	"УИК №417"	"УИК №418"	"УИК №419"	"УИК №689"	"УИК №690"	"УИК №691"	"УИК №692"	"УИК №693"	"УИК №695"	"УИК №696"	"УИК №697"	"УИК №702"	"УИК №703"	"УИК №704"	"УИК №705"	"УИК №706"	"УИК №707"	"УИК №708"	"УИК №709"	
2235	2860	2676	2619	2164	2009	1998	2593	2084	2500	2114	2338	2037	2359	1747	2363	2180	2408	2307	2442	2625	1997	2115	2416	2136	2095	2267	2181	2630	2901	2312	2358	2522	2780	2042	2735	2653	2277	2210	1532	2622	2006	2451	2089	2563	3080	2493	1673	2382	1959	2490	2276	2925	2245	2620	2376	2163	2524	2357	1932	2268	2367	2114	2257	2767	2617	2830	3547	2650	2559	2161	1957	2056	1904	1623	2555	2711	1850	2591	1988	1949	2674	2440	2400	2495	2196	2142	2740	2254	1463	1818	446	1491	1570	1173	3046	2886	2362	1699	1928	2098	2193	2851	2050	1849	1324	1555	2828	1554	1937	2295	1957	2172	2441	1660	1920	1220	707	1136	1501	607	1893	1240	
2200	2750	2350	2500	2100	1850	2000	2600	1900	2400	2000	2300	1950	2300	1650	2250	1950	2250	2150	2350	2600	1900	2000	2500	2050	2000	2150	2200	2650	2700	2400	2300	2500	2800	1900	2600	2750	2200	2100	2350	2350	1900	2300	1900	2300	2700	2450	1700	2250	1950	2550	2100	2800	2100	2450	2250	2050	2550	2250	1850	2100	2350	2050	2250	2750	2550	2700	2750	2650	2750	2050	1850	2000	1800	1500	2550	2650	1700	2450	1900	1900	2650	2300	2350	2350	2100	2350	2300	2150	1200	1650	400	1300	1350	1000	2600	2400	2250	1600	1700	1950	2100	2750	1950	1650	1300	1300	2600	1450	2000	2200	1850	2150	2500	1550	1850	1100	600	950	1450	500	1900	1050	
0	0	0	0	0	0	0	0	0	0	0	0	0	0	0	0	0	0	0	0	0	0	0	0	0	0	0	0	0	0	0	0	0	0	0	0	0	0	0	0	0	0	0	0	0	0	0	0	0	0	0	0	0	0	0	0	0	0	0	0	0	0	0	0	0	0	0	0	0	0	0	0	0	0	0	0	0	0	0	0	0	0	0	0	0	0	0	0	0	0	0	0	0	0	0	0	0	0	0	0	0	0	0	0	0	0	0	0	0	0	0	0	0	0	0	0	0	0	0	0	0	0	0	
1486	2006	1794	1747	1277	1290	1177	1599	1236	1587	1329	1381	1254	1545	1078	1568	1310	1576	1577	1475	1674	1214	1339	1527	1301	1438	1449	1434	1699	1814	1606	1570	1728	1918	1347	1609	1730	1364	1360	1526	1605	1214	1649	1418	1808	1881	1522	1035	1552	1357	1694	1546	1857	1407	1752	1525	1463	1541	1482	1246	1398	1582	1442	1385	1771	1671	1900	1868	1817	1783	1293	1255	1322	1253	1088	1751	1651	1513	1645	1302	1255	1710	1561	1490	1645	1420	1567	1949	1418	942	1043	270	804	750	665	1546	1380	1537	1053	1384	1358	1314	1582	1264	1177	775	830	1627	1086	1302	1319	1251	1333	1644	1143	1183	762	506	652	901	434	1148	805	
9	4	43	9	124	14	13	47	16	23	7	2	2	16	5	20	26	17	21	9	22	17	18	20	18	14	5	7	46	13	18	10	15	10	10	183	15	7	3	6	4	19	13	11	14	5	5	4	6	8	7	9	5	30	8	32	18	100	29	15	15	12	10	18	21	12	110	184	17	20	19	14	28	9	18	11	10	1	8	12	9	10	4	15	12	12	8	8	32	32	9	0	4	5	8	5	24	11	6	4	10	46	16	9	2	12	162	4	4	9	2	6	2	7	1	5	1	2	2	4	1	3	5	
705	740	513	744	699	546	810	954	648	790	664	917	694	739	567	662	614	657	552	866	904	669	643	953	731	548	696	759	905	873	776	720	757	872	543	808	1005	829	737	818	741	667	638	471	478	814	923	661	692	585	849	545	938	663	690	693	569	909	739	589	687	756	598	847	958	867	690	698	816	947	738	581	650	538	394	788	989	186	797	586	636	930	735	845	693	668	775	343	700	226	598	130	492	595	327	1049	996	702	541	312	582	740	1152	677	471	513	308	969	360	689	879	593	815	849	406	662	337	92	296	545	65	749	240	
9	4	43	9	124	14	13	47	16	23	7	2	2	16	5	20	26	17	21	9	22	17	18	20	18	14	5	7	46	13	18	10	15	10	10	183	15	7	3	6	4	19	13	11	14	5	5	4	6	8	7	9	5	30	8	32	18	100	29	15	15	12	10	18	21	12	110	184	17	20	19	14	28	9	18	11	10	1	8	12	9	10	4	15	12	12	8	8	32	32	9	0	4	5	8	5	24	11	6	4	10	46	16	9	2	12	162	4	4	9	2	6	2	7	1	5	1	2	2	4	1	3	5	
1485	2006	1794	1747	1277	1289	1177	1599	1236	1587	1329	1379	1254	1545	1078	1568	1310	1574	1576	1474	1673	1214	1339	1527	1300	1437	1448	1434	1697	1814	1606	1570	1728	1918	1347	1609	1730	1364	1360	1526	1605	1214	1649	1416	1808	1881	1522	1035	1552	1355	1694	1546	1857	1407	1752	1525	1461	1541	1471	1246	1397	1581	1442	1385	1771	1670	1899	1868	1817	1783	1293	1255	1322	1253	1088	1751	1651	1512	1644	1288	1255	1710	1561	1490	1645	1420	1566	1949	1418	942	1043	270	804	750	665	1545	1379	1537	1053	1384	1358	1314	1582	1264	1176	775	829	1627	1086	1302	1319	1251	1333	1644	1143	1183	762	504	652	901	434	1148	805	
16	29	17	17	11	14	17	14	21	12	14	17	11	16	14	22	6	13	16	14	15	10	13	11	18	7	15	19	15	14	15	12	18	18	14	16	16	17	16	12	12	9	22	22	26	15	18	11	15	11	11	17	19	8	16	22	11	21	21	15	18	18	21	16	16	22	19	26	12	23	14	10	7	12	12	25	19	11	13	4	23	10	23	25	20	20	18	20	17	12	10	3	6	12	6	14	21	18	13	13	11	17	21	10	13	11	15	16	11	19	10	11	21	22	7	15	12	5	11	11	0	14	11	
1478	1981	1820	1739	1390	1289	1173	1632	1231	1598	1322	1364	1245	1545	1069	1566	1330	1578	1581	1469	1680	1221	1344	1536	1300	1444	1438	1422	1728	1813	1609	1568	1725	1910	1343	1776	1729	1354	1347	1520	1597	1224	1640	1405	1796	1871	1509	1028	1543	1352	1690	1538	1843	1429	1744	1535	1468	1620	1479	1246	1394	1575	1431	1387	1776	1660	1990	2026	1822	1780	1298	1259	1343	1250	1094	1737	1642	1502	1639	1296	1241	1710	1542	1480	1637	1412	1556	1937	1433	962	1042	267	802	743	667	1536	1382	1530	1046	1375	1357	1343	1577	1263	1165	776	976	1615	1079	1292	1311	1246	1314	1629	1137	1173	751	501	643	894	435	1137	799	
0	0	0	0	0	0	0	0	0	0	0	0	0	0	0	0	0	0	0	0	0	0	0	0	0	0	0	0	0	0	0	0	0	0	0	0	0	0	0	0	0	0	0	0	0	0	0	0	0	0	0	0	0	0	0	0	0	0	0	0	0	0	0	0	0	0	0	0	0	0	0	0	0	0	0	0	0	0	0	0	0	0	0	0	0	0	0	0	0	0	0	0	0	0	0	0	0	0	0	0	0	0	0	0	0	0	0	0	0	0	0	0	0	0	0	0	0	0	0	0	0	0	0	
0	0	0	0	0	0	0	0	0	0	0	0	0	0	0	0	0	0	0	0	0	0	0	0	0	0	0	0	0	0	0	0	0	0	0	0	0	0	0	0	0	0	0	0	0	0	0	0	0	0	0	0	0	0	0	0	0	0	0	0	0	0	0	0	0	0	0	0	0	0	0	0	0	0	0	0	0	0	0	0	0	0	0	0	0	0	0	0	0	0	0	0	0	0	0	0	0	0	0	0	0	0	0	0	0	0	0	0	0	0	0	0	0	0	0	0	0	0	0	0	0	0	0	

8	4	7	3	8	7	4	9	7	12	12	8	5	17	7	11	7	8	14	5	3	10	2	10	9	8	4	10	8	15	8	8	13	12	6	12	5	4	6	4	6	9	10	3	4	11	5	3	6	6	6	17	8	5	9	9	12	7	5	6	4	8	8	8	3	10	17	15	9	13	7	4	7	7	5	7	7	5	7	8	11	16	12	8	3	9	10	8	7	11	5	0	5	6	5	10	2	6	11	10	8	5	13	6	3	1	9	12	4	3	6	5	9	8	7	8	2	2	5	2	3	3	5	
185	222	247	173	137	138	132	201	178	192	156	184	140	142	157	183	121	142	162	193	172	146	141	195	146	157	165	170	167	195	176	187	159	176	193	182	190	179	156	164	187	179	173	153	197	234	192	125	150	116	189	190	190	115	188	160	123	159	138	123	147	147	122	132	209	147	179	211	176	176	146	108	129	128	95	185	182	177	170	105	131	187	185	151	209	115	181	222	138	104	97	28	92	136	77	220	196	152	108	176	130	144	178	131	186	95	100	218	121	139	246	133	204	189	117	149	98	90	119	108	65	175	125	
87	130	106	83	74	79	59	108	77	73	87	85	53	87	54	87	72	80	83	87	115	76	89	88	82	71	92	88	121	109	93	89	106	98	95	129	127	96	118	87	91	86	90	91	126	104	96	80	88	76	100	71	94	93	82	88	93	98	99	83	88	89	74	89	122	119	126	118	131	110	81	66	84	72	55	117	105	87	115	72	82	116	109	97	119	113	103	120	104	65	92	29	81	52	44	100	85	106	69	80	94	80	121	73	58	50	70	93	51	106	86	99	83	107	65	91	49	26	40	59	28	75	59	
1123	1531	1397	1393	1129	1017	927	1248	942	1266	1012	1043	1014	1228	825	1207	1075	1271	1261	1134	1314	938	1052	1198	1024	1160	1133	1098	1357	1404	1250	1226	1380	1543	1000	1392	1353	1043	1018	1193	1258	912	1308	1108	1425	1450	1149	777	1229	1108	1332	1202	1463	1145	1370	1217	1182	1286	1191	995	1105	1270	1161	1105	1383	1312	1572	1578	1427	1397	1018	1037	1084	1008	907	1371	1290	1171	1286	1077	959	1327	1180	1176	1215	1121	1203	1511	1137	763	828	205	599	526	518	1171	1057	1220	815	1052	1077	1075	1211	1017	870	608	765	1241	850	992	940	968	974	1231	899	888	578	371	460	695	326	851	579	
35	40	30	38	22	21	28	24	14	27	25	25	16	35	15	44	18	43	33	23	39	23	29	18	13	21	24	29	33	46	41	30	33	35	24	33	22	12	22	33	27	21	31	24	28	37	39	25	28	23	29	25	46	31	41	25	28	35	19	17	22	25	31	23	23	40	45	52	43	51	22	17	12	12	18	32	23	32	29	14	25	28	30	22	47	26	30	33	19	10	9	2	11	10	8	16	23	27	14	26	18	15	27	16	24	11	13	28	28	24	21	17	24	54	28	15	14	5	9	16	7	15	19	
11	9	15	10	3	4	6	9	5	5	11	5	7	7	2	7	6	6	6	7	13	7	10	10	8	3	4	11	13	15	14	8	10	15	6	5	15	6	7	11	2	4	2	10	5	6	6	3	11	7	7	11	4	9	6	5	7	8	10	7	3	6	8	17	2	7	12	9	5	5	4	5	8	5	4	7	12	7	10	5	7	5	4	11	17	5	6	6	9	2	7	2	7	8	7	9	6	6	13	7	7	9	16	4	9	4	5	9	3	4	5	9	5	9	6	7	2	1	4	5	0	4	4	
9	21	5	19	4	6	10	13	3	7	11	8	6	10	3	13	17	11	10	12	17	11	7	9	14	15	7	7	14	17	13	10	8	18	6	11	10	9	6	15	11	9	14	4	7	16	12	4	18	8	13	9	20	13	24	13	12	16	7	4	13	18	13	8	12	9	14	21	13	14	13	12	10	8	6	6	7	10	9	10	10	10	10	7	10	7	9	13	13	3	1	1	3	3	5	1	7	7	9	14	13	8	8	5	8	1	7	9	8	17	3	7	6	12	5	6	5	3	4	8	2	5	4	
20	24	13	20	13	17	7	20	5	16	8	6	4	19	6	14	14	17	12	8	7	10	14	8	4	9	9	9	15	12	14	10	16	13	13	12	7	5	14	13	15	4	12	12	4	13	10	11	13	8	14	13	18	18	24	18	11	11	10	11	12	12	14	5	22	16	25	22	18	14	7	10	9	10	4	12	16	13	13	5	16	21	12	8	17	16	14	24	6	4	3	0	4	2	3	9	6	6	7	10	10	7	3	11	7	6	7	5	14	7	4	8	9	19	10	9	3	3	2	1	4	9	4	
