"УИК №3201"	"УИК №3202"	"УИК №3203"	"УИК №3204"	"УИК №3205"	"УИК №3206"	"УИК №3207"	"УИК №3208"	"УИК №3209"	"УИК №3210"	"УИК №3211"	"УИК №3212"	"УИК №3213"	"УИК №3214"	"УИК №3215"	"УИК №3216"	"УИК №3217"	"УИК №3218"	"УИК №3219"	"УИК №3220"	"УИК №3221"	"УИК №3222"	"УИК №3223"	"УИК №3224"	"УИК №3225"	"УИК №3226"	"УИК №3227"	"УИК №3228"	"УИК №3229"	"УИК №3230"	"УИК №3231"	"УИК №3232"	"УИК №3233"	"УИК №3234"	"УИК №3235"	"УИК №3236"	"УИК №3237"	"УИК №3238"	"УИК №3239"	"УИК №3240"	"УИК №3241"	"УИК №3242"	"УИК №3243"	"УИК №3244"	"УИК №3245"	"УИК №3246"	"УИК №3247"	"УИК №3248"	"УИК №3249"	"УИК №3250"	"УИК №3251"	"УИК №3252"	"УИК №3253"	"УИК №3254"	"УИК №3255"	"УИК №3256"	"УИК №3257"	"УИК №3258"	"УИК №3259"	"УИК №3260"	
196	250	2052	1783	2332	408	117	1064	541	204	426	534	593	276	398	198	1391	1676	1467	1133	1570	2096	1632	1564	872	1617	1618	1283	1693	1520	2386	926	1829	1003	1093	346	309	1828	1734	2092	251	367	97	283	165	830	2407	397	664	1181	1107	1226	1541	1069	1061	834	171	1316	1869	791	
192	248	2110	1800	2372	413	115	1071	528	206	432	546	613	278	407	199	1407	1730	1500	1160	1625	2125	1690	1595	884	1650	1690	1226	1685	1625	2370	935	1850	1000	1125	352	294	1840	1750	2130	260	375	100	290	156	840	2600	395	685	1220	1130	1276	1590	1100	1100	860	175	1350	1925	797	
0	0	0	0	0	0	0	0	0	0	0	0	0	0	0	0	0	0	0	0	0	0	0	0	0	0	0	0	0	0	0	0	0	0	0	0	0	0	0	0	0	0	0	0	0	0	0	0	0	0	0	0	0	0	0	0	0	0	0	0	
182	230	1511	1183	1911	348	103	918	449	159	358	464	572	265	395	170	826	1308	787	787	1289	1524	1016	1344	513	1001	826	748	921	931	1899	739	1335	538	952	264	210	986	924	1822	213	330	89	258	141	578	1836	327	594	1011	885	694	1143	861	577	729	158	1252	1793	766	
10	13	242	350	349	49	12	101	71	30	60	60	10	11	0	24	97	54	180	98	55	266	137	118	87	130	94	224	124	209	120	53	77	98	106	61	59	113	76	228	30	37	7	25	15	169	451	49	70	92	145	236	274	166	419	46	8	38	44	11	
0	5	357	267	112	16	0	52	8	17	14	22	31	2	12	5	484	368	533	275	281	335	537	133	284	519	770	254	640	485	351	143	438	364	67	27	25	741	750	80	17	8	4	7	0	93	313	19	21	117	100	346	173	73	104	85	9	60	88	20	
10	13	242	350	349	49	12	101	71	30	60	60	10	11	0	24	97	54	180	98	55	266	137	118	87	130	94	224	124	209	120	53	77	98	106	61	59	113	76	228	30	37	7	25	15	169	451	49	70	92	145	236	274	166	419	46	8	38	44	11	
182	230	1511	1183	1911	348	103	918	449	159	358	464	572	265	395	170	826	1308	787	787	1289	1524	1016	1344	513	1000	826	748	921	931	1899	739	1335	538	952	264	210	986	924	1822	213	330	89	258	141	578	1836	327	594	1011	885	694	1143	861	577	729	158	1252	1793	766	
0	2	31	13	17	0	0	15	0	1	10	4	25	5	3	1	14	16	10	8	16	0	14	15	9	18	6	9	15	8	22	3	25	3	12	2	8	20	18	24	3	7	1	3	0	11	9	4	8	0	0	11	10	13	0	15	0	12	14	5	
192	241	1722	1520	2243	397	115	1004	520	188	408	520	557	271	392	193	909	1346	957	877	1328	1790	1139	1447	591	1112	914	963	1030	1132	1997	789	1387	633	1046	323	261	1079	982	2026	240	360	95	280	156	736	2278	372	656	1103	1030	919	1407	1014	996	760	166	1278	1823	772	
0	0	0	0	0	0	0	0	0	0	0	0	0	0	0	0	0	0	0	0	0	0	0	0	0	0	0	0	0	0	0	0	0	0	0	0	0	0	0	0	0	0	0	0	0	0	0	0	0	0	0	0	0	0	0	0	0	0	0	0	
0	0	0	0	0	0	0	0	0	0	0	0	0	0	0	0	0	0	0	0	0	0	0	0	0	0	0	0	0	0	0	0	0	0	0	0	0	0	0	0	0	0	0	0	0	0	0	0	0	0	0	0	0	0	0	0	0	0	0	0	

0	1	2	2	20	5	0	3	3	1	4	0	2	0	0	0	5	14	11	5	5	5	4	5	4	6	3	2	4	10	8	6	14	4	4	1	2	9	2	6	1	1	0	3	0	2	10	2	4	6	1	6	5	1	1	5	1	4	3	1	
14	20	190	75	183	32	3	105	30	20	33	34	27	7	16	7	141	152	133	91	138	228	173	30	85	137	79	110	122	141	146	57	169	103	121	15	9	143	142	124	21	13	2	7	6	45	184	22	49	103	91	106	127	96	66	56	5	81	158	61	
13	12	56	49	131	15	12	64	26	11	14	32	19	13	10	10	48	55	48	36	76	134	55	21	34	61	90	48	65	68	82	23	76	33	54	7	17	62	85	59	10	10	0	12	13	48	108	11	24	33	50	48	60	56	30	40	5	18	91	46	
160	205	1457	1365	1883	341	100	816	452	153	355	450	503	250	363	175	687	1097	741	723	1082	1343	865	1366	444	884	722	783	813	879	1716	679	1107	466	851	294	227	841	724	1803	204	333	92	255	136	630	1931	337	567	948	863	734	1200	846	888	643	153	1163	1536	644	
0	1	8	8	3	1	0	3	3	2	1	0	1	0	3	1	6	13	8	8	11	25	12	7	7	7	5	10	9	10	14	8	5	6	6	2	2	5	9	18	3	2	0	0	0	2	13	0	6	6	8	10	3	6	6	7	0	2	7	4	
1	1	3	10	12	1	0	2	3	1	0	3	3	0	0	0	9	6	9	6	9	7	13	8	7	3	3	5	7	5	14	5	11	6	4	3	2	8	9	3	0	0	1	3	0	8	13	0	4	2	12	9	9	3	1	4	2	5	12	11	
2	1	2	8	7	1	0	9	3	0	1	0	2	1	0	0	4	5	6	5	4	17	13	6	4	8	5	4	7	13	14	8	4	11	4	0	1	5	8	5	1	1	0	0	1	1	11	0	2	2	3	2	1	3	4	4	0	4	13	4	
2	0	4	3	4	1	0	2	0	0	0	1	0	0	0	0	9	4	1	3	3	31	4	4	6	6	7	1	3	6	3	3	1	4	2	1	1	6	3	8	0	0	0	0	0	0	8	0	0	3	2	4	2	3	0	1	0	1	3	1	
