"УИК №2701"	"УИК №2702"	"УИК №2703"	"УИК №2704"	"УИК №2705"	"УИК №2706"	"УИК №2707"	"УИК №2708"	"УИК №2709"	"УИК №2710"	"УИК №2711"	"УИК №2712"	"УИК №2713"	"УИК №2714"	"УИК №2715"	"УИК №2716"	"УИК №2717"	"УИК №2718"	"УИК №2719"	"УИК №2720"	"УИК №2721"	"УИК №2722"	"УИК №2723"	"УИК №2724"	"УИК №2725"	"УИК №2726"	"УИК №2727"	"УИК №2728"	"УИК №2729"	"УИК №2730"	"УИК №2731"	"УИК №2732"	"УИК №2733"	"УИК №2734"	"УИК №2735"	"УИК №2736"	"УИК №2737"	"УИК №2738"	"УИК №2739"	"УИК №2740"	"УИК №2741"	"УИК №2742"	"УИК №2743"	"УИК №2744"	"УИК №2745"	"УИК №2746"	"УИК №2747"	"УИК №2748"	"УИК №2749"	"УИК №2750"	"УИК №2751"	"УИК №2752"	"УИК №2753"	"УИК №2754"	"УИК №2755"	"УИК №2756"	"УИК №2757"	"УИК №2758"	"УИК №2759"	
2075	2335	2235	1844	1370	1430	2258	1263	1228	2250	1722	1541	2371	2454	2305	533	448	1354	1200	1309	1130	95	131	172	870	892	922	1290	1067	629	349	1147	1262	1311	1079	953	1191	423	579	86	106	168	370	620	236	299	198	1236	850	1883	1102	912	1469	1066	1665	1842	2088	1018	1031	
2100	2400	2300	1800	1350	1500	2300	1300	1300	2300	1800	1552	2400	2500	2350	500	500	1400	1200	1350	1200	100	150	200	900	900	900	1300	1100	600	400	1200	1300	1300	1100	1000	1300	400	600	100	100	200	400	600	300	300	200	1300	900	2000	1100	900	1500	1100	1700	1900	2100	1048	1100	
0	0	0	0	0	0	0	0	0	0	0	0	0	0	0	0	0	0	0	0	0	0	0	0	0	0	0	0	0	0	0	0	0	0	0	0	0	0	0	0	0	0	0	0	0	0	0	0	0	0	0	0	0	0	0	0	0	0	0	
1348	1734	1628	914	837	660	1459	806	677	1592	1252	762	1380	1634	1559	360	332	833	982	830	792	84	129	169	782	477	517	572	372	532	269	711	961	988	924	741	955	328	503	79	93	96	227	512	167	249	160	864	658	1253	706	570	987	832	1007	1004	1081	560	722	
478	359	384	672	363	572	476	299	237	433	290	644	258	496	446	110	72	279	153	254	227	9	0	0	55	162	264	377	490	60	53	291	115	260	101	139	213	66	73	5	7	61	50	77	61	33	23	257	140	300	269	175	360	130	171	118	735	261	118	
274	307	288	214	150	268	365	195	386	275	258	146	762	370	345	30	96	288	65	266	181	7	21	31	63	261	119	351	238	8	78	198	224	52	75	120	132	6	24	16	0	43	123	11	72	18	17	179	102	447	125	155	153	138	522	778	284	227	260	
478	359	384	672	363	572	476	299	237	433	290	644	258	496	446	110	72	279	153	254	227	9	0	0	55	162	264	377	490	60	53	291	115	260	101	139	213	66	73	5	7	61	50	77	61	33	23	257	140	300	269	175	360	130	171	118	735	261	118	
1348	1734	1628	914	837	660	1459	806	677	1592	1252	762	1380	1634	1559	360	332	833	982	830	792	84	129	169	782	477	517	572	372	532	269	711	961	988	924	741	955	328	503	79	93	96	227	512	167	249	160	864	658	1253	706	570	987	832	1007	1004	1081	560	722	
9	0	0	7	7	14	5	6	11	25	16	14	25	7	17	3	3	2	0	1	7	0	0	0	8	2	5	11	7	10	1	6	2	12	8	7	0	0	1	0	1	1	2	2	0	6	0	5	0	18	4	20	19	10	13	24	13	6	12	
1817	2093	2012	1579	1193	1218	1930	1099	903	2000	1526	1392	1613	2123	1988	467	401	1110	1135	1083	1012	93	129	169	829	637	776	938	855	582	321	996	1074	1236	1017	873	1168	394	575	84	99	156	275	587	228	276	183	1116	798	1535	971	725	1328	952	1165	1098	1803	815	828	
0	0	0	0	0	0	0	0	0	0	0	0	0	0	0	0	0	0	0	0	0	0	0	0	0	0	0	0	0	0	0	0	0	0	0	0	0	0	0	0	0	0	0	0	0	0	0	0	0	0	0	0	0	0	0	0	0	0	0	
0	0	0	0	0	0	0	0	0	0	0	0	0	0	0	0	0	0	0	0	0	0	0	0	0	0	0	0	0	0	0	0	0	0	0	0	0	0	0	0	0	0	0	0	0	0	0	0	0	0	0	0	0	0	0	0	0	0	0	

15	15	12	4	2	6	8	7	7	2	7	4	14	10	11	2	2	0	7	2	3	0	2	1	4	4	9	8	4	2	2	6	2	4	3	8	2	3	2	0	0	0	1	2	1	0	0	4	0	4	5	0	3	4	8	4	21	4	7	
150	157	146	163	88	182	192	88	143	148	110	147	171	103	165	40	36	64	57	34	47	5	3	22	68	62	114	117	132	81	27	67	76	106	56	41	63	20	39	8	5	12	11	37	5	10	8	24	87	109	63	71	123	86	135	160	87	37	116	
46	80	68	109	37	56	53	43	45	51	56	60	74	36	42	19	9	51	45	15	37	2	3	9	15	52	35	59	58	33	19	44	33	45	30	34	82	28	28	2	14	7	22	6	8	6	7	54	19	87	79	63	80	46	77	67	40	18	27	
1576	1806	1762	1268	1045	928	1646	939	675	1762	1321	1162	1319	1956	1746	401	345	985	976	1022	902	83	120	133	728	507	609	743	646	450	268	851	951	1065	914	771	1012	339	499	74	80	137	238	542	214	259	168	1009	687	1305	799	584	1093	804	912	836	1593	739	659	
14	9	8	16	7	17	15	7	21	13	10	3	8	7	12	2	4	4	20	2	6	0	1	2	6	3	4	8	6	5	2	5	3	8	3	5	2	2	2	0	0	0	1	0	0	1	0	3	1	3	6	3	16	6	7	9	15	5	7	
12	12	7	7	8	11	6	3	6	14	10	2	13	7	6	1	4	3	7	2	10	0	0	0	3	3	2	1	6	9	3	12	7	2	4	8	3	0	1	0	0	0	1	0	0	0	0	12	1	12	7	1	7	0	12	12	20	4	3	
1	9	5	8	2	16	6	9	2	5	8	10	10	2	5	1	1	2	8	2	3	2	0	2	2	0	1	2	3	0	0	7	0	2	5	1	3	1	4	0	0	0	0	0	0	0	0	5	2	6	8	2	6	4	7	4	14	4	3	
3	5	4	4	4	2	4	3	4	5	4	4	4	2	1	1	0	1	15	4	4	1	0	0	3	6	2	0	0	2	0	4	2	4	2	5	1	1	0	0	0	0	1	0	0	0	0	5	1	9	4	1	0	2	7	6	13	4	6	
