"УИК №293"	"УИК №294"	"УИК №295"	"УИК №296"	"УИК №297"	"УИК №298"	"УИК №299"	"УИК №300"	"УИК №301"	"УИК №302"	"УИК №303"	"УИК №304"	"УИК №305"	"УИК №306"	"УИК №307"	"УИК №308"	"УИК №309"	"УИК №310"	"УИК №311"	"УИК №312"	"УИК №313"	"УИК №314"	"УИК №315"	"УИК №316"	"УИК №317"	"УИК №318"	"УИК №319"	"УИК №320"	"УИК №321"	"УИК №322"	"УИК №323"	"УИК №324"	"УИК №325"	"УИК №326"	"УИК №327"	"УИК №328"	"УИК №329"	"УИК №330"	"УИК №331"	"УИК №332"	"УИК №333"	"УИК №334"	"УИК №335"	"УИК №336"	"УИК №337"	"УИК №338"	"УИК №339"	"УИК №340"	"УИК №341"	"УИК №342"	"УИК №2296"	"УИК №2297"	"УИК №2319"	"УИК №2320"	"УИК №2323"	"УИК №2329"	"УИК №2330"	"УИК №2331"	"УИК №2332"	"УИК №2333"	"УИК №2348"	"УИК №2349"	
477	2273	2521	2163	2221	1513	2611	2254	2402	1746	2176	2354	2900	2785	2112	2021	1420	1668	2273	2276	2532	2431	1926	2175	2127	2443	2228	2124	2346	2778	2307	2458	2239	1960	2042	2047	1688	1955	1989	1338	2041	828	1225	2216	2223	2722	1807	2006	2022	486	1783	3457	2150	2526	2921	1873	2034	1144	1022	981	1365	1213	
400	1600	2100	2100	1500	1000	2300	1600	1800	1300	1600	1700	2000	1900	2000	2000	1200	1200	1700	2000	1700	1700	1400	1500	1400	1700	1500	1600	1700	2000	1600	1800	1600	1400	1500	1500	1200	1400	1400	1100	1500	600	1100	1600	1600	1800	1300	1400	1500	1000	1700	2100	1300	2000	1900	1400	1400	1000	800	950	1100	800	
0	0	0	0	0	0	0	0	0	0	0	0	0	0	0	0	0	0	0	0	0	0	0	0	0	0	0	0	0	0	0	0	0	0	0	0	0	0	0	0	0	0	0	0	0	0	0	0	0	0	0	0	0	0	0	0	0	0	0	0	0	0	
239	1200	1382	1277	1108	670	1332	1153	1328	925	1209	1433	1650	1473	1245	1090	814	1031	1439	1303	1227	1287	907	1265	899	1380	1099	1106	1181	1572	1306	1566	1264	1038	1139	1133	972	1111	1106	664	848	368	432	1285	1329	1623	1031	1196	1213	178	880	1841	1077	1397	1658	1071	1062	704	544	664	815	609	
10	19	7	26	21	2	37	24	27	37	33	33	46	80	27	48	23	20	29	27	30	29	16	26	333	44	27	33	29	53	51	40	47	49	38	46	30	14	95	6	25	87	10	33	29	23	20	24	15	293	264	23	18	113	28	29	11	9	33	2	11	9	
151	381	711	797	371	328	931	423	445	338	358	234	304	347	728	862	363	149	232	670	443	384	477	209	168	276	374	461	490	375	243	194	289	313	323	321	198	275	199	430	627	145	658	282	242	154	249	180	272	529	556	236	205	490	214	300	327	287	223	284	274	182	
10	19	7	26	21	2	37	24	27	37	33	33	46	80	27	48	23	20	29	27	30	29	16	26	333	44	27	33	29	53	51	40	47	49	38	46	30	14	95	6	25	87	10	33	29	23	20	24	15	293	264	23	18	113	28	29	11	9	33	2	11	9	
239	1200	1380	1277	1108	670	1332	1153	1324	925	1209	1431	1650	1471	1245	1090	814	1031	1436	1303	1227	1287	906	1265	899	1379	1098	1106	1179	1572	1304	1566	1264	1038	1138	1132	972	1111	1105	664	848	368	432	1285	1328	1623	1031	1195	1209	178	879	1841	1077	1397	1656	1071	1062	704	542	664	815	608	
2	12	12	14	14	10	18	10	17	9	20	12	18	15	12	10	10	14	15	18	13	12	15	8	7	13	11	6	18	14	19	15	9	10	16	16	7	14	9	5	11	2	8	17	14	20	12	15	13	4	18	16	11	15	22	6	7	5	10	14	7	6	
247	1207	1375	1289	1115	662	1351	1167	1334	953	1222	1452	1678	1536	1260	1128	827	1037	1450	1312	1244	1304	907	1283	1225	1410	1114	1133	1190	1611	1336	1591	1302	1077	1160	1162	995	1111	1191	665	862	453	434	1301	1343	1626	1039	1204	1211	467	1125	1848	1084	1495	1662	1094	1066	708	565	652	819	611	
0	0	0	0	0	0	0	0	0	0	0	0	0	0	0	0	0	0	0	0	0	0	0	0	0	0	0	0	0	0	0	0	0	0	0	0	0	0	0	0	0	0	0	0	0	0	0	0	0	0	0	0	0	0	0	0	0	0	0	0	0	0	
0	0	0	0	0	0	0	0	0	0	0	0	0	0	0	0	0	0	0	0	0	0	0	0	0	0	0	0	0	0	0	0	0	0	0	0	0	0	0	0	0	0	0	0	0	0	0	0	0	0	0	0	0	0	0	0	0	0	0	0	0	0	

0	4	13	11	4	3	14	3	11	13	6	7	9	8	5	10	5	8	16	13	4	6	4	7	4	8	6	7	8	15	5	9	8	4	7	9	4	6	7	4	5	0	6	9	5	14	11	6	5	2	15	11	5	10	17	10	4	5	4	7	8	1	
35	155	224	198	162	103	170	157	141	112	147	196	257	183	164	135	94	168	206	188	156	151	112	178	119	162	135	124	127	201	159	202	135	118	140	118	108	111	143	109	93	65	50	164	172	234	119	156	158	45	144	280	143	222	234	138	141	93	80	118	127	92	
17	83	56	46	83	26	72	57	74	44	59	50	61	77	81	36	37	30	47	66	63	58	58	36	74	72	56	52	75	79	99	81	66	73	55	65	61	72	58	26	65	32	22	67	69	71	50	55	65	21	51	123	49	71	81	57	72	26	19	25	33	32	
180	900	954	921	818	469	1009	871	1008	730	908	1101	1244	1180	936	886	648	711	1028	935	940	995	673	986	962	1104	853	872	930	1205	1005	1206	1026	822	904	922	782	868	920	502	660	338	344	991	1021	1170	796	928	911	384	838	1336	782	1048	1189	832	786	552	429	425	609	449	
4	32	65	57	27	33	30	33	42	19	57	43	55	46	35	32	16	49	62	41	41	34	25	40	21	20	26	30	17	42	39	48	43	29	21	18	20	23	28	10	12	12	9	34	30	50	26	32	39	4	32	54	51	57	73	19	31	15	19	39	18	21	
2	5	8	12	6	2	6	7	15	6	11	15	12	8	6	3	3	7	9	7	5	14	6	4	7	9	6	7	9	14	3	5	5	10	7	5	3	6	9	4	6	3	1	13	10	19	9	4	6	3	8	14	9	13	13	8	5	3	4	5	5	1	
2	10	18	13	5	8	17	16	11	10	9	15	7	13	6	13	6	20	27	23	18	13	11	12	9	10	9	16	9	15	8	7	8	8	12	8	2	4	9	5	5	1	1	7	14	24	10	7	9	1	10	11	24	29	20	16	10	4	5	12	5	2	
7	18	37	31	10	18	33	23	32	19	25	25	33	21	27	13	18	44	55	39	17	33	18	20	29	25	23	25	15	40	18	33	11	13	14	17	15	21	17	5	16	2	1	16	22	44	18	16	18	7	27	19	21	45	35	14	17	10	5	21	14	13	
