"УИК №2416"	"УИК №2417"	"УИК №2418"	"УИК №2419"	"УИК №2420"	"УИК №2421"	"УИК №2422"	"УИК №2423"	"УИК №2424"	"УИК №2425"	"УИК №2426"	"УИК №2427"	"УИК №2428"	"УИК №2429"	"УИК №2430"	"УИК №2431"	"УИК №2432"	"УИК №2433"	"УИК №2434"	"УИК №2435"	"УИК №2436"	"УИК №2437"	"УИК №2438"	"УИК №2439"	"УИК №2440"	"УИК №2441"	"УИК №2442"	"УИК №2443"	"УИК №2444"	"УИК №2445"	"УИК №2446"	"УИК №2447"	"УИК №2448"	"УИК №2449"	"УИК №2450"	"УИК №2451"	"УИК №2452"	"УИК №2453"	"УИК №2454"	"УИК №2455"	"УИК №2456"	"УИК №2457"	"УИК №2458"	"УИК №2459"	"УИК №2460"	"УИК №2461"	"УИК №2462"	"УИК №2463"	"УИК №2464"	"УИК №2465"	"УИК №2466"	"УИК №2467"	"УИК №2468"	"УИК №2469"	"УИК №2470"	"УИК №2471"	"УИК №2472"	"УИК №2473"	"УИК №3422"	
2887	3162	2024	2607	2348	2795	2768	1825	2441	2660	2319	2228	2729	2959	2753	2426	2629	2419	2677	2671	524	2534	2380	2451	2695	2183	2296	2236	2331	2427	2274	2232	2190	2111	2395	2252	2547	2368	2271	2213	2691	2859	2575	2134	2438	2454	1414	1514	2284	2313	2369	2909	2610	2436	2739	2419	2545	2256	1842	
2100	2300	1600	2100	1900	2100	2200	1500	1900	1900	1900	1800	2200	2300	2200	1800	2100	1900	2100	2100	450	2000	1900	2000	2100	1700	1800	1800	1800	1900	1700	1700	1700	1700	1800	1800	2000	1900	1800	1800	1900	2200	2000	1700	1900	1900	1100	1400	1800	1800	1900	2300	2000	2100	2200	1900	2000	1700	1300	
0	0	0	0	0	0	0	0	0	0	0	0	0	0	0	0	0	0	0	0	0	0	0	0	0	0	0	0	0	0	0	0	0	0	0	0	0	0	0	0	0	0	0	0	0	0	0	0	0	0	0	0	0	0	0	0	0	0	0	
1686	2035	1190	1636	1268	1547	1519	920	1396	1369	1232	1134	1548	1447	1491	1388	1398	1448	1516	1578	356	1567	1368	1445	1644	1258	1387	1316	1393	1291	1278	1355	1242	1212	1454	1290	1426	1333	1214	1267	1427	1588	1535	1187	1395	1336	924	973	1279	1381	1338	1643	1559	1530	1574	1262	1498	1382	1016	
15	22	14	24	20	20	19	64	58	44	79	77	37	47	23	36	40	16	24	35	14	30	30	30	30	32	21	23	21	31	52	29	34	41	24	39	51	38	67	41	38	26	18	28	18	29	11	9	24	30	29	39	33	47	35	19	19	11	20	
399	243	396	440	612	533	662	516	446	487	589	589	615	806	686	376	662	436	560	487	80	403	502	525	426	410	392	461	386	578	370	316	424	447	322	471	523	529	519	492	435	586	447	485	487	535	165	418	497	389	533	618	408	523	591	619	483	307	264	
15	22	14	24	20	20	19	64	58	44	79	77	37	47	23	36	40	16	24	35	14	30	30	30	30	32	21	23	21	31	52	29	34	41	24	39	51	38	67	41	38	26	18	28	18	29	11	9	24	30	29	39	33	47	35	19	19	11	20	
1686	2035	1188	1633	1268	1540	1519	919	1394	1368	1232	1134	1548	1439	1487	1387	1398	1448	1516	1578	356	1567	1365	1444	1644	1257	1386	1312	1389	1291	1273	1355	1242	1212	1453	1289	1426	1331	1214	1260	1427	1588	1535	1187	1395	1336	924	973	1279	1381	1338	1642	1559	1518	1574	1262	1498	1381	1016	
19	23	13	16	7	31	19	21	23	19	19	15	18	28	20	20	12	17	22	29	4	21	18	18	29	16	15	10	13	20	17	14	11	23	20	14	16	23	14	21	22	25	22	22	22	11	9	13	20	16	18	18	16	15	28	12	24	11	12	
1682	2034	1189	1641	1281	1529	1519	962	1429	1393	1292	1196	1567	1458	1490	1403	1426	1447	1518	1584	366	1576	1377	1456	1645	1273	1392	1325	1397	1302	1308	1370	1265	1230	1457	1314	1461	1346	1267	1280	1443	1589	1531	1193	1391	1354	926	969	1283	1395	1349	1663	1576	1550	1581	1269	1493	1381	1024	
0	0	0	0	0	0	0	0	0	0	0	0	0	0	0	0	0	0	0	0	0	0	0	0	0	0	0	0	0	0	0	0	0	0	0	0	0	0	0	0	0	0	0	0	0	0	0	0	0	0	0	0	0	0	0	0	0	0	0	
0	0	0	0	0	0	0	0	0	0	0	0	0	0	0	0	0	0	0	0	0	0	0	0	0	0	0	0	0	0	0	0	0	0	0	0	0	0	0	0	0	0	0	0	0	0	0	0	0	0	0	0	0	0	0	0	0	0	0	

10	16	9	12	16	9	9	3	13	11	10	10	14	8	13	10	9	15	17	8	0	13	14	15	17	8	14	9	14	13	10	13	17	17	10	14	10	7	14	18	15	12	15	15	16	12	9	9	12	15	14	13	14	10	12	8	9	15	3	
207	290	143	225	142	199	184	124	178	198	164	138	200	221	203	175	196	223	232	238	57	207	187	197	245	175	228	180	187	179	166	169	185	192	228	187	199	195	162	159	197	223	225	153	181	165	132	133	185	196	165	221	184	209	199	154	196	170	159	
100	141	59	57	87	88	80	57	95	49	62	53	80	87	67	68	44	43	59	79	7	70	56	53	95	51	53	73	58	47	69	63	58	54	52	79	53	70	65	68	93	59	64	65	61	88	26	41	73	63	51	99	82	71	73	72	55	66	30	
1282	1489	909	1270	969	1148	1177	735	1059	1064	980	912	1175	1061	1103	1045	1035	1043	1065	1144	277	1173	1003	1066	1174	954	990	970	1018	943	968	1010	900	865	1047	933	1092	983	929	957	1014	1125	1112	877	1008	980	681	682	930	1005	1010	1222	1174	1148	1174	925	1121	1017	709	
31	42	22	30	27	36	34	20	28	35	21	32	41	34	38	41	62	62	58	56	11	46	57	51	44	44	53	44	65	46	29	54	45	38	60	38	46	42	33	30	68	71	44	42	49	40	32	45	38	45	49	36	47	40	61	46	63	54	65	
9	20	14	6	10	6	6	8	11	8	15	12	9	7	14	4	12	6	7	5	2	10	9	13	17	5	6	5	7	10	11	6	9	8	6	14	7	15	20	8	12	11	9	3	14	9	6	10	13	11	3	11	17	13	9	10	11	7	1	
11	12	12	18	8	14	12	5	21	13	17	18	21	8	22	22	21	17	22	20	6	21	14	19	16	11	13	21	13	27	19	21	28	23	23	17	24	12	12	13	13	42	22	12	18	18	18	20	17	32	16	22	20	31	26	13	22	17	35	
32	24	21	23	22	29	17	10	24	15	23	21	27	32	30	38	47	38	58	34	6	36	37	42	37	25	35	23	35	37	36	34	23	33	31	32	30	22	32	27	31	46	40	26	44	42	22	29	15	28	41	39	38	28	27	41	16	35	22	
