"УИК №414"	"УИК №415"	"УИК №416"	"УИК №417"	"УИК №418"	"УИК №419"	"УИК №420"	"УИК №421"	"УИК №422"	"УИК №423"	"УИК №424"	"УИК №425"	"УИК №426"	"УИК №427"	"УИК №428"	"УИК №429"	"УИК №430"	"УИК №431"	"УИК №432"	"УИК №433"	"УИК №434"	"УИК №435"	"УИК №436"	"УИК №437"	"УИК №438"	"УИК №439"	"УИК №440"	"УИК №441"	"УИК №442"	"УИК №443"	"УИК №444"	"УИК №445"	"УИК №446"	"УИК №447"	"УИК №448"	"УИК №449"	"УИК №450"	"УИК №451"	"УИК №452"	"УИК №453"	"УИК №454"	"УИК №455"	"УИК №456"	"УИК №457"	"УИК №458"	"УИК №459"	"УИК №460"	"УИК №461"	"УИК №462"	"УИК №463"	"УИК №464"	"УИК №465"	"УИК №466"	"УИК №467"	"УИК №468"	"УИК №469"	"УИК №470"	"УИК №471"	"УИК №472"	"УИК №473"	"УИК №474"	"УИК №475"	"УИК №476"	"УИК №477"	"УИК №478"	"УИК №479"	"УИК №480"	"УИК №481"	"УИК №482"	"УИК №483"	"УИК №484"	"УИК №485"	"УИК №486"	"УИК №487"	"УИК №488"	"УИК №489"	"УИК №490"	"УИК №491"	"УИК №492"	"УИК №493"	"УИК №494"	"УИК №495"	"УИК №496"	"УИК №497"	"УИК №498"	"УИК №499"	"УИК №500"	"УИК №501"	"УИК №502"	"УИК №503"	"УИК №504"	"УИК №505"	"УИК №506"	"УИК №507"	"УИК №508"	"УИК №509"	
2037	1667	2572	2631	1985	1683	2092	2843	2135	1879	2139	1978	2129	2053	1940	1834	2019	1717	1726	1926	2051	1618	1926	1697	2056	2030	2648	2276	1918	1966	1628	1962	1533	2221	2388	2352	2068	1895	2522	2876	1963	2013	2238	2196	2501	2300	2060	2344	1635	2010	1980	1762	2106	1738	1767	2368	2021	2007	2501	1934	2339	2208	1239	2650	2320	2179	2362	2409	2210	1643	2069	2031	2722	1857	1680	1769	1926	1631	1983	2029	1735	2380	1600	1697	2013	2407	2637	1807	2613	2621	2465	2606	2565	509	957	3939	
1750	1500	2500	2500	1500	1500	2000	2000	2000	2000	2000	2000	2000	2000	2000	1500	2000	1750	1500	2000	2000	1500	2000	1500	2000	2000	2500	2500	2000	2000	1500	2000	1500	2000	2500	2500	2000	2000	2500	2500	1500	2000	2000	2000	2500	2000	2000	2000	1500	2000	2000	1500	2000	1500	1500	2500	2000	2000	2500	2000	2500	2000	1000	2500	2500	2000	2500	2500	2000	1500	2000	2000	2500	2000	1500	1500	2000	1500	2000	2000	1500	2500	1500	1500	2000	2500	2500	1500	2500	2500	2500	2500	2500	1000	1000	4000	
0	0	0	0	0	0	0	0	0	0	0	0	0	0	0	0	0	0	0	0	0	0	0	0	0	0	0	0	0	0	0	0	0	0	0	0	0	0	0	0	0	0	0	0	0	0	0	0	0	0	0	0	0	0	0	0	0	0	0	0	0	0	0	0	0	0	0	0	0	0	0	0	0	0	0	0	0	0	0	0	0	0	0	0	0	0	0	0	0	0	0	0	0	0	0	0	
1504	1028	1694	1610	1365	977	1506	1527	1510	1285	1359	1356	1534	1446	1278	1292	1468	1340	1305	1079	1194	1215	1344	1068	1345	1413	1828	1513	1322	1354	1249	1313	1084	1388	1437	1371	1388	1256	1396	1571	1049	1412	1362	1274	1548	1595	1253	1574	1022	1206	1068	1144	1348	1115	1085	1408	1368	1463	1578	1327	1188	1520	859	1833	1650	1721	1554	1777	1876	950	1488	1401	1911	1338	1213	1142	1402	1027	1380	1269	1117	1387	1048	1173	1224	1354	1306	986	1587	1731	1548	1851	1787	205	787	3706	
15	35	23	34	20	28	29	25	20	28	40	33	30	36	72	26	34	33	28	32	30	48	41	35	40	22	22	49	37	26	25	23	27	40	32	41	81	21	36	51	38	16	42	13	46	19	58	32	34	30	18	24	44	21	17	25	18	23	26	41	26	30	19	30	45	35	45	29	34	26	35	45	27	32	20	30	31	29	20	33	21	34	18	15	19	43	22	26	39	48	27	35	30	232	146	0	
231	437	783	856	115	495	465	448	470	687	601	611	436	518	650	182	498	377	167	889	776	237	615	397	615	565	650	938	641	620	226	664	389	572	1031	1088	531	723	1068	878	413	572	596	713	906	386	689	394	444	764	914	332	608	364	398	1067	614	514	896	632	1286	450	122	637	805	244	901	694	90	524	477	554	562	630	267	329	567	444	600	698	362	1079	434	312	757	1103	1172	488	874	721	925	614	683	563	67	294	
15	35	23	34	20	28	29	25	20	28	40	33	30	36	72	26	34	33	28	32	30	48	41	35	40	22	22	49	37	26	25	23	27	40	32	41	81	21	36	51	38	16	42	13	46	19	58	32	34	30	18	24	44	21	17	25	18	23	26	41	26	30	19	30	45	35	45	29	34	26	35	45	27	32	20	30	31	29	20	33	21	34	18	15	19	43	22	26	39	48	27	35	30	232	146	0	
1499	1028	1671	1610	1363	976	1506	1527	1509	1285	1354	1355	1534	1446	1275	1269	1451	1316	1305	1078	1194	1215	1344	1068	1341	1407	1828	1513	1318	1324	1246	1281	1084	1388	1436	1363	1385	1235	1389	1566	1048	1409	1362	1271	1537	1595	1253	1574	1022	1186	1068	1144	1348	1114	1083	1408	1368	1460	1578	1327	1188	1514	859	1833	1650	1665	1554	1771	1876	950	1487	1400	1911	1304	1213	1137	1402	1022	1362	1229	1108	1385	1048	1173	1221	1354	1305	985	1587	1713	1546	1851	1785	205	787	3699	
23	15	12	15	13	10	11	15	12	14	13	23	17	11	14	30	12	13	22	15	24	13	12	15	12	12	7	11	8	15	13	16	14	13	16	14	14	13	14	16	11	21	25	15	10	12	22	15	10	10	4	8	13	19	11	9	10	15	11	34	6	9	13	14	0	17	18	16	0	8	15	11	19	10	16	12	8	10	10	15	9	7	10	13	12	16	17	8	18	4	17	15	16	3	12	52	
1491	1048	1682	1629	1370	994	1524	1537	1517	1299	1381	1365	1547	1471	1333	1265	1473	1336	1311	1095	1200	1250	1373	1088	1369	1417	1843	1551	1347	1335	1258	1288	1097	1415	1452	1390	1452	1243	1411	1601	1075	1404	1379	1269	1573	1602	1289	1591	1046	1206	1082	1160	1379	1116	1089	1424	1376	1468	1593	1334	1208	1535	865	1849	1695	1683	1581	1784	1910	968	1507	1434	1919	1326	1217	1155	1425	1041	1372	1247	1120	1412	1056	1175	1228	1381	1310	1003	1608	1757	1556	1871	1799	434	921	3647	
0	0	0	0	0	0	0	0	0	0	0	0	0	0	0	0	0	0	0	0	0	0	0	0	0	0	0	0	0	0	0	0	0	0	0	0	0	0	0	0	0	0	0	0	0	0	0	0	0	0	0	0	0	0	0	0	0	0	0	0	0	0	0	0	0	0	0	0	0	0	0	0	0	0	0	0	0	0	0	0	0	0	0	0	0	0	0	0	0	0	0	0	0	0	0	0	
0	0	0	0	0	0	0	0	0	0	0	0	0	0	0	0	0	0	0	0	0	0	0	0	0	0	0	0	0	0	0	0	0	0	0	0	0	0	0	0	0	0	0	0	0	0	0	0	0	0	0	0	0	0	0	0	0	0	0	0	0	0	0	0	0	0	0	0	0	0	0	0	0	0	0	1	0	0	0	0	0	0	0	0	0	0	0	0	0	0	0	0	0	0	0	0	

13	7	21	10	10	7	12	10	9	12	13	14	12	14	12	14	19	9	10	12	12	13	18	14	20	15	20	12	11	8	11	9	9	8	15	20	16	5	17	15	6	21	16	19	11	11	7	18	6	10	14	7	11	9	11	26	9	14	15	12	9	8	5	13	19	34	20	13	11	13	9	17	13	10	10	11	11	12	13	10	14	13	12	16	6	18	9	10	11	16	14	19	9	3	12	14	
212	106	139	175	127	117	135	155	156	134	125	128	126	120	95	97	124	132	116	111	103	125	113	70	134	117	179	144	112	106	99	98	85	109	141	145	110	80	121	164	102	108	131	132	149	117	125	122	144	120	124	116	130	94	119	109	92	44	136	91	90	95	110	124	179	145	117	123	94	73	89	122	172	86	93	79	102	77	98	100	85	125	104	109	83	106	143	101	164	191	127	171	153	36	68	325	
57	28	67	81	49	38	36	40	53	85	48	50	54	55	54	45	49	47	53	41	46	38	40	48	47	34	44	74	61	45	38	64	46	69	68	59	66	33	89	40	35	60	57	47	68	50	52	57	35	48	50	55	57	54	34	61	53	117	65	53	84	63	26	75	108	115	50	59	61	39	35	54	75	40	56	54	59	47	58	53	48	56	50	40	54	59	72	36	53	56	66	54	105	19	42	126	
1004	771	1288	1206	1027	705	1178	1114	1161	920	1047	1047	1196	1141	1047	950	1109	1032	957	766	888	940	1057	845	994	1133	1391	1137	1028	1050	1019	964	852	1125	1075	1042	1154	1019	1078	1160	813	1082	1023	940	1182	1276	983	1239	720	903	801	839	1043	858	807	1124	1099	1042	1228	1071	944	1293	643	1480	1257	1255	1291	1471	1623	769	1256	1109	1447	1105	972	892	1156	819	1114	950	883	1074	784	898	988	1095	975	735	1200	1267	1180	1436	1306	354	741	3070	
114	59	69	73	63	52	63	117	51	62	65	58	64	45	56	64	71	50	94	73	67	58	55	45	69	46	81	77	50	49	40	66	40	45	62	56	53	47	41	91	60	55	74	48	81	65	53	61	35	59	43	61	59	37	47	47	47	73	66	60	38	30	39	69	51	36	41	57	47	41	30	49	89	42	29	58	42	31	45	62	50	55	48	51	43	42	50	48	67	95	59	81	98	7	32	58	
9	9	14	9	12	11	6	6	7	11	8	14	11	9	9	16	8	8	4	11	6	10	12	8	12	9	12	15	10	9	6	10	14	7	16	10	8	6	10	14	8	5	10	16	17	13	11	11	4	14	6	14	14	6	16	8	3	44	18	8	6	8	2	11	21	29	11	10	12	8	12	12	8	7	5	4	11	12	6	7	6	12	12	12	10	5	6	15	11	4	14	14	36	3	3	9	
24	13	17	15	23	27	22	33	18	16	32	19	24	27	15	17	37	18	26	22	19	21	15	14	20	20	32	29	25	23	14	28	24	23	27	20	15	22	19	33	16	29	25	20	16	21	16	35	13	15	10	21	25	20	19	19	20	29	29	17	18	19	15	19	15	27	11	19	24	9	19	23	40	15	18	16	13	15	18	18	12	24	12	16	17	19	22	16	39	46	28	28	32	7	9	18	
58	55	67	60	59	37	72	62	62	59	43	35	60	60	45	62	56	40	51	59	59	45	63	44	73	43	84	63	50	45	31	49	27	29	48	38	30	31	36	84	35	44	43	47	49	49	42	48	89	37	34	47	40	38	36	30	53	105	36	22	19	19	25	58	45	42	40	32	38	16	57	48	75	21	34	41	31	28	20	47	22	53	34	33	27	37	33	42	63	82	68	68	60	5	14	27	
