"УИК №764"	"УИК №765"	"УИК №766"	"УИК №767"	"УИК №768"	"УИК №769"	"УИК №770"	"УИК №771"	"УИК №772"	"УИК №773"	"УИК №774"	"УИК №775"	"УИК №776"	"УИК №777"	"УИК №778"	"УИК №779"	"УИК №780"	"УИК №781"	"УИК №782"	"УИК №783"	"УИК №784"	"УИК №785"	"УИК №786"	"УИК №787"	"УИК №788"	"УИК №789"	"УИК №790"	"УИК №791"	"УИК №792"	"УИК №793"	"УИК №794"	"УИК №795"	"УИК №796"	"УИК №797"	"УИК №798"	"УИК №799"	"УИК №800"	"УИК №801"	"УИК №802"	"УИК №803"	"УИК №804"	"УИК №805"	"УИК №806"	"УИК №807"	"УИК №808"	"УИК №809"	"УИК №810"	"УИК №811"	"УИК №812"	"УИК №813"	"УИК №814"	"УИК №815"	"УИК №816"	"УИК №817"	"УИК №818"	"УИК №819"	"УИК №820"	"УИК №821"	"УИК №822"	"УИК №823"	"УИК №2829"	"УИК №2830"	
2307	2340	2070	784	1839	2751	2637	2343	1630	2030	1570	1513	1893	1899	1709	1863	1859	1394	1183	1633	1368	134	2166	817	768	2130	2081	1338	2099	1709	1939	2025	1589	2133	1478	2046	1670	1640	1579	1914	2157	1914	2026	1934	1882	2154	1598	2227	1727	2373	2491	1418	1398	2585	189	2121	2617	1455	504	2771	1414	2076	
2000	2000	1700	700	1600	2400	2100	2000	1400	1800	1400	1300	1600	1600	1400	1600	1600	1200	1000	1400	1100	300	1900	700	600	1900	1800	1400	1800	1400	1700	1700	1400	1800	1200	1700	1400	1400	1300	1700	2000	1600	1700	1700	1600	2000	1400	2000	1500	2000	2100	1200	1200	2100	300	2000	2200	1300	400	2400	1200	1700	
0	0	0	0	0	0	0	0	0	0	0	0	0	0	0	0	0	0	0	0	0	0	0	0	0	0	0	0	0	0	0	0	0	0	0	0	0	0	0	0	0	0	0	0	0	0	0	0	0	0	0	0	0	0	0	0	0	0	0	0	0	0	
1899	1607	1320	668	1118	1624	1483	1459	1029	1338	1132	1209	1542	1557	1250	1274	1155	980	744	1358	1049	0	1339	677	573	1819	1610	1290	1311	1002	1565	1532	975	1530	1107	1276	1237	1114	1247	1581	1399	1505	1632	1623	1487	1541	1176	1878	1436	1943	2025	1017	1169	1997	0	1811	2175	1115	379	2172	1062	1678	
51	78	83	22	54	86	43	88	20	17	30	17	41	25	52	72	48	33	52	26	32	134	75	18	14	25	58	48	70	66	84	73	43	237	90	60	73	60	38	54	32	45	54	40	27	31	15	23	35	22	17	46	23	21	189	12	18	61	19	3	15	10	
50	315	297	10	428	690	574	453	351	445	238	74	17	18	98	254	397	187	204	16	19	166	486	5	13	56	132	62	419	332	51	95	382	33	3	364	90	226	15	65	569	50	14	37	86	428	209	99	29	35	58	137	8	82	111	177	7	124	2	225	123	12	
51	78	83	22	54	86	43	88	20	17	30	17	41	25	52	72	48	33	52	26	32	134	75	18	14	25	58	48	70	66	84	73	43	237	90	60	73	60	38	54	32	45	54	40	27	31	15	23	35	22	17	46	23	21	189	12	18	61	19	3	15	10	
1899	1607	1319	668	1118	1624	1482	1459	1029	1338	1132	1209	1542	1557	1250	1273	1155	980	744	1358	1049	0	1339	677	573	1819	1610	1290	1311	1002	1565	1532	975	1530	1107	1276	1237	1114	1247	1581	1399	1505	1632	1623	1487	1541	1176	1878	1436	1943	2025	1017	1169	1997	0	1811	2175	1115	379	2172	1062	1678	
34	0	34	0	25	49	33	45	0	0	8	5	0	0	0	23	22	6	4	0	0	0	11	6	1	0	3	0	26	26	0	18	5	0	0	11	1	0	16	17	0	0	4	0	3	0	0	0	13	0	0	0	8	13	0	0	0	3	0	0	14	0	
1916	1685	1368	690	1147	1661	1492	1502	1049	1355	1154	1221	1583	1582	1302	1322	1181	1007	792	1384	1081	134	1403	689	586	1844	1665	1338	1355	1042	1649	1587	1013	1767	1197	1325	1309	1174	1269	1618	1431	1550	1682	1663	1511	1572	1191	1901	1458	1965	2042	1063	1184	2005	189	1823	2193	1173	398	2175	1063	1688	
0	0	0	0	0	0	0	0	0	0	0	0	0	0	0	0	0	0	0	0	0	0	0	0	0	0	0	0	0	0	0	0	0	0	0	0	0	0	0	0	0	0	0	0	0	0	0	0	0	0	0	0	0	0	0	0	0	0	0	0	0	0	
0	0	0	0	0	0	0	0	0	0	0	0	0	0	0	0	0	0	0	0	0	0	0	0	0	0	0	0	0	0	0	0	0	0	0	0	0	0	0	0	0	0	0	0	0	0	0	0	0	0	0	0	0	0	0	0	0	0	0	0	0	0	

17	17	9	3	13	14	11	23	9	8	8	10	15	14	12	9	12	5	10	5	7	0	5	7	12	14	12	13	15	4	15	9	2	0	12	8	6	9	7	24	10	4	13	14	14	15	11	29	11	30	12	6	0	29	0	17	22	4	6	15	8	16	
278	182	359	58	315	427	427	362	181	322	148	147	112	158	118	237	222	221	110	189	130	3	304	83	117	153	251	161	329	211	149	99	129	195	83	261	170	125	211	197	160	268	67	205	181	228	143	228	231	276	269	112	12	265	10	244	204	53	24	384	264	249	
83	84	62	47	44	76	74	56	50	63	33	98	69	84	52	85	63	26	33	52	28	1	72	35	5	77	81	68	67	50	84	53	37	40	39	76	66	37	51	83	74	64	21	45	72	68	60	106	62	107	82	21	6	136	6	89	89	28	8	82	32	80	
1473	1283	859	545	716	1068	907	981	770	900	909	878	1303	1222	1068	944	806	694	618	1091	886	130	956	516	432	1547	1261	990	891	730	1317	1369	822	1484	1018	927	955	958	960	1186	1116	1161	1543	1331	1164	1147	897	1397	1055	1456	1594	906	1160	1465	169	1353	1776	1060	347	1583	681	1232	
29	33	27	7	19	28	26	27	15	19	15	14	11	14	20	16	38	14	11	15	12	0	22	7	9	18	28	27	14	20	13	14	14	26	11	17	20	16	14	27	34	21	11	5	11	16	11	19	24	20	34	5	3	17	2	17	17	6	2	60	34	16	
19	50	23	3	13	20	16	24	8	16	21	37	33	48	14	12	10	10	3	18	7	0	14	21	3	18	12	40	9	9	32	13	5	10	23	16	49	13	13	52	11	13	11	49	43	47	36	57	39	19	20	6	1	41	2	52	44	10	4	15	11	48	
13	21	11	4	13	11	14	10	8	9	6	25	26	29	7	8	12	22	3	8	6	0	19	14	6	8	8	27	14	10	25	15	0	9	2	11	29	9	5	34	12	9	9	9	16	34	23	48	27	39	16	3	2	35	0	35	26	6	2	25	17	32	
4	15	18	23	14	17	17	19	8	18	14	12	14	13	11	11	18	15	4	6	5	0	11	6	2	9	12	12	16	8	14	15	4	3	9	9	14	7	8	15	14	10	7	5	10	17	10	17	9	18	15	4	0	17	0	16	15	6	5	11	16	15	
