"УИК №1"	"УИК №2"	"УИК №3"	"УИК №4"	"УИК №5"	"УИК №6"	"УИК №7"	"УИК №8"	"УИК №9"	"УИК №10"	"УИК №11"	"УИК №12"	"УИК №13"	"УИК №14"	"УИК №15"	"УИК №16"	"УИК №17"	"УИК №18"	"УИК №19"	"УИК №20"	"УИК №21"	"УИК №22"	"УИК №23"	"УИК №24"	"УИК №25"	"УИК №26"	"УИК №27"	"УИК №28"	"УИК №29"	"УИК №30"	"УИК №31"	"УИК №32"	"УИК №33"	"УИК №34"	"УИК №35"	"УИК №36"	"УИК №37"	"УИК №38"	"УИК №39"	"УИК №40"	"УИК №41"	"УИК №42"	"УИК №43"	"УИК №44"	"УИК №45"	"УИК №46"	"УИК №47"	"УИК №48"	"УИК №49"	"УИК №50"	"УИК №51"	"УИК №52"	"УИК №53"	"УИК №54"	"УИК №55"	"УИК №56"	"УИК №57"	"УИК №58"	"УИК №59"	"УИК №60"	"УИК №61"	"УИК №62"	"УИК №63"	"УИК №64"	"УИК №65"	"УИК №66"	
2357	897	1077	1041	1990	847	2395	745	2494	2613	2581	2338	560	2417	2540	2404	1429	1415	2191	2363	2123	2269	1948	2314	1501	1866	1353	1948	334	633	844	1098	360	769	369	439	204	210	382	420	184	528	319	466	851	573	429	630	467	280	926	1520	2213	1461	1408	2471	2246	2506	1554	2228	1534	2261	1616	924	1272	1314	
2250	800	750	950	1900	800	2300	650	2350	2550	2450	2250	550	2300	2450	2300	1350	1350	2100	2250	2050	2150	1850	2250	1450	1800	1300	1900	300	600	800	900	300	750	300	350	180	200	350	450	150	500	300	450	850	500	400	600	400	200	750	1500	2150	1400	1400	2300	2200	2350	1500	2100	1500	2100	1550	900	1200	1300	
0	0	0	0	0	0	0	0	0	0	0	0	0	0	0	0	0	0	0	0	0	0	0	0	0	0	0	0	0	0	0	0	0	0	0	0	0	0	0	0	0	0	0	0	0	0	0	0	0	0	0	0	0	0	0	0	0	0	0	0	0	0	0	0	0	0	
1366	512	472	628	1073	474	1335	417	1572	1566	1573	1279	390	1359	1457	1394	803	827	1335	1310	1215	1403	1097	1151	799	980	791	1201	124	216	380	568	115	287	184	281	112	93	228	244	107	284	180	205	485	256	93	343	130	133	457	614	1132	663	652	1224	1211	1149	796	1111	708	1124	688	543	789	737	
48	18	228	35	38	23	38	14	17	41	39	30	1	44	49	51	10	46	56	44	34	47	30	41	65	38	28	45	56	110	134	63	67	187	43	27	35	39	43	39	14	27	41	83	60	93	136	49	125	27	134	49	75	38	54	124	65	85	34	132	43	59	29	16	17	38	
836	270	50	287	789	303	927	219	761	943	838	941	159	897	944	855	537	477	709	896	801	700	723	1058	586	782	481	654	120	274	286	269	118	276	73	42	33	68	79	167	29	189	79	162	305	151	171	208	145	40	159	837	943	699	694	952	924	1116	670	857	749	917	833	341	394	525	
48	18	228	35	38	23	38	14	17	41	39	30	1	44	49	51	10	46	56	44	34	47	30	41	65	38	28	45	56	110	134	63	67	187	43	27	35	39	43	39	14	27	41	83	60	93	136	49	125	27	134	49	75	38	54	124	65	85	34	132	43	59	29	16	17	38	
1366	512	472	628	1073	474	1335	417	1570	1566	1573	1278	390	1359	1457	1394	803	827	1335	1310	1214	1403	1097	1151	799	980	791	1201	124	216	380	568	115	287	184	281	112	93	228	244	107	284	180	205	485	256	93	343	130	133	457	614	1132	663	652	1224	1211	1149	796	1111	708	1124	688	543	789	737	
17	5	10	7	9	9	30	10	27	23	30	15	7	17	26	18	14	10	21	16	14	15	14	10	9	14	12	20	3	3	8	11	5	3	3	4	0	2	0	1	1	5	2	2	9	9	0	3	0	0	6	19	21	19	10	18	22	14	17	9	7	21	11	4	11	9	
1397	525	690	656	1102	488	1343	421	1560	1584	1582	1293	384	1386	1480	1427	799	863	1370	1338	1234	1435	1113	1182	855	1004	807	1226	177	323	506	620	177	471	224	304	147	130	271	282	120	306	219	286	536	340	229	389	255	160	585	644	1186	682	696	1330	1254	1220	813	1234	744	1162	706	555	795	766	
0	0	0	0	0	0	0	0	0	0	0	0	0	0	0	0	0	0	0	0	0	0	0	0	0	0	0	0	0	0	0	0	0	0	0	0	0	0	0	0	0	0	0	0	0	0	0	0	0	0	0	0	0	0	0	0	0	0	0	0	0	0	0	0	0	0	
0	0	0	0	0	0	0	0	0	0	0	0	0	0	0	0	0	0	0	0	0	0	0	0	0	0	0	0	0	0	0	0	0	0	0	0	0	0	0	0	0	0	0	0	0	0	0	0	0	0	0	0	0	0	0	0	0	0	0	0	0	0	0	0	0	0	

15	8	3	8	6	5	13	5	8	12	7	11	0	9	12	13	10	8	16	12	12	10	12	9	7	6	3	8	1	3	1	3	1	4	0	1	1	0	1	2	0	2	3	1	3	0	0	0	0	0	7	5	8	8	1	4	8	7	4	3	1	6	1	5	1	5	
202	75	126	90	163	59	186	62	232	200	210	165	61	183	222	249	94	99	214	184	190	199	137	150	130	162	112	174	17	22	54	57	13	35	23	31	10	18	42	27	17	50	14	32	71	40	25	30	34	11	95	83	145	97	87	193	137	104	83	131	91	161	106	81	108	126	
94	30	46	59	95	26	122	28	102	106	117	82	20	98	95	82	52	53	94	98	103	94	85	100	59	68	57	93	19	32	27	51	13	37	15	15	12	14	17	24	4	25	12	20	34	26	20	28	15	8	25	54	94	60	60	89	104	62	46	68	55	61	48	30	52	48	
1047	387	488	474	804	385	966	309	1146	1214	1202	992	291	1036	1100	1035	607	672	997	998	892	1066	849	883	636	721	612	925	138	260	406	487	147	381	185	249	121	95	209	220	93	225	186	226	411	265	184	319	199	139	438	483	910	501	525	1014	962	1022	658	1000	577	901	517	411	610	559	
14	7	15	11	10	9	21	4	29	26	15	17	8	29	24	16	11	11	20	15	7	25	10	17	8	13	7	6	0	2	6	6	1	5	1	3	2	1	0	4	2	1	0	4	10	3	0	3	5	1	6	5	13	5	7	10	18	4	10	17	5	13	15	11	7	14	
11	7	2	3	6	0	5	3	8	10	10	10	2	15	11	6	7	7	9	10	8	10	8	9	6	9	4	10	2	1	5	3	0	5	0	3	0	1	2	2	0	1	2	0	5	3	0	4	0	0	6	4	6	6	7	7	6	14	4	6	3	9	5	4	2	5	
5	6	6	8	9	3	12	7	17	5	11	11	0	7	5	17	7	8	11	8	15	16	6	9	5	12	8	5	0	1	3	7	1	1	0	2	1	0	0	1	1	2	2	2	2	1	0	5	1	0	4	4	6	4	5	9	7	5	6	6	7	7	6	7	8	4	
9	5	4	3	9	1	18	3	18	11	10	5	2	9	11	9	11	5	9	13	7	15	6	5	4	13	4	5	0	2	4	6	1	3	0	0	0	1	0	2	3	0	0	1	0	2	0	0	1	1	4	6	4	1	4	4	12	2	2	3	5	4	8	6	7	5	
